1,1.9758944859622705,1_chron
1,3.9001134668951547,1_chron
3,4.621357114754123,3_chron
4,7.617528648840792,4_chron
9,8.02440110413336,9_chron
2,8.45531982950555,2_chron
6,9.027621824189065,6_chron2
11,11.889204584608434,11_chron
10,12.97757855126607,10_chron
13,13.187430627833589,13_acute2
8,16.22908804143603,8_chron
12,18.957165443690688,12_chron
24,19.6088869580107,24_chron2
25,19.699907121156937,25_chron
20,19.93309840014032,20_chron
17,20.621008854397232,17_chron2
21,20.937404296680214,21_chron
39,21.12867571299667,39_acute2
40,21.52871584247991,40_chron2
14,21.794780354301306,14_chron
30,22.278125501576397,30_chron
18,22.50053080502543,18_chron
47,22.905710517015713,47_chron2
53,23.02727349589344,53_chron2
5,23.361527113432373,5_chron
41,23.489081788018915,41_chron
54,23.57766639368832,54_chron
7,23.715225439439816,7_chron
61,23.77987557973492,61_chron
84,23.782021736290968,84_chron2
93,24.108762432836393,93_chron2
19,24.367490391768495,19_chron
45,24.53807639818895,45_chron
75,24.5979069920108,75_chron
91,24.654387588687957,91_chron2
51,24.791881533284158,51_chron2
70,24.808175414058038,70_chron
92,24.955967587052964,92_chron
67,25.551955644517083,67_chron2
15,25.814900643429617,15_chron
123,25.821121629975682,123_chron
26,25.85681833719184,26_chron
107,25.92567928965759,107_chron
115,26.027616185750425,115_chron
136,26.515842843714402,136_chron2
131,26.788025516158264,131_chron2
49,26.896560646235912,49_chron
83,27.02784155856075,83_chron
63,27.11174073640602,63_chron
65,27.13649809688493,65_chron
144,27.153326418179947,144_chron
78,27.15677586029619,78_chron
124,27.160423371148024,124_chron
76,27.422528559366988,76_chron
73,27.424913485942092,73_chron2
148,27.474750396459186,148_chron
121,27.492973629857264,121_chron
68,27.50512906589293,68_chron2
110,27.568555773640405,110_chron
103,27.611193485063925,103_chron
170,27.669270493915548,170_chron2
140,27.676600956815967,140_chron
172,27.762263685969224,172_chron
139,27.767968257161623,139_chron
48,27.843817377254428,48_chron
102,27.881008893716995,102_chron2
52,27.922711891825077,52_chron
82,27.999469593667175,82_chron
80,28.00601093080015,80_chron
129,28.06654985721763,129_chron
191,28.155354341635327,191_chron2
57,28.386056976436798,57_chron
185,28.423092697298618,185_acute2
119,28.43356006648515,119_chron
122,28.470971720132034,122_chron
86,28.481350805367867,86_chron2
81,28.482355183063728,81_chron
105,28.482489783596005,105_chron
118,28.600556440641025,118_chron
200,28.84108366194072,200_chron2
22,28.843312464139725,22_chron
79,28.921906194046382,79_chron2
195,28.965287430520494,195_chron2
165,29.042142734497546,165_chron
189,29.05186940658767,189_acute
120,29.084197453518605,120_chron
184,29.117856134510987,184_chron
90,29.135779728768505,90_chron
87,29.170598806655484,87_chron
213,29.176705407360945,213_chron
62,29.19395693646513,62_chron
171,29.233725800800062,171_chron
64,29.36473539782571,64_chron
27,29.397873790211857,27_chron
106,29.448211371063465,106_chron
96,29.504389152166123,96_chron
208,29.544674791838556,208_chron2
85,29.632234609834494,85_chron2
209,29.68758437651383,209_chron2
150,29.73162125681929,150_chron2
262,29.884318278197895,262_acute2
224,29.992518178443127,224_acute
240,29.99506274601137,240_chron
205,30.104401527805177,205_chron2
151,30.153233674243303,151_chron2
33,30.1796782365676,33_chron
176,30.20588578095357,176_chron
202,30.302825440297905,202_chron2
111,30.38170996644543,111_chron
143,30.450906133338094,143_chron2
167,30.525400185301994,167_chron
166,30.550501560017057,166_chron
160,30.66030230733482,160_chron
255,30.74932272926864,255_chron2
272,30.786961173204855,272_chron
301,30.810907250372463,301_acute2
134,30.811776467458717,134_chron
108,30.88574920333402,108_chron
142,30.88641371706694,142_chron
290,30.94581888222452,290_chron2
246,30.9595583267884,246_chron
44,30.994716519577196,44_chron
35,31.003015612021496,35_chron
117,31.019312467554066,117_chron
277,31.06942476819802,277_chron2
132,31.141633217668762,132_chron
145,31.23375145140086,145_chron2
162,31.30192589970328,162_chron2
199,31.398653173618715,199_chron2
204,31.41051431390144,204_chron
300,31.427544731223836,300_chron
248,31.45830482619981,248_chron2
243,31.46464879167007,243_chron
192,31.539769240075874,192_chron
287,31.576354709891238,287_chron
291,31.61710955154909,291_chron2
251,31.624067951553382,251_chron2
305,31.632640858583553,305_acute2
88,31.775300334168648,88_chron
252,31.783596083442518,252_chron
180,31.842732542084786,180_chron
130,31.861038650127995,130_chron
125,31.913199087985255,125_chron
310,31.930382458465427,310_chron
316,31.94641451354304,316_chron
286,31.962023964407177,286_chron
236,31.981243547072403,236_chron
265,31.982039254859515,265_chron
294,31.990344353409288,294_chron
190,32.02096194736476,190_chron
279,32.02688203428055,279_chron
307,32.093743526790455,307_chron
161,32.2159694197888,161_chron2
56,32.36376259584848,56_chron
259,32.37154177057987,259_chron
289,32.393478394525744,289_chron
333,32.42100507743584,333_chron
302,32.50706098682969,302_chron2
169,32.54427708406814,169_chron
274,32.612066761976834,274_chron
153,32.675378066933156,153_chron
258,32.68456683287431,258_chron
104,32.68916914166805,104_chron
72,32.76851256632967,72_chron
187,32.79792799374395,187_chron2
229,32.81126771185058,229_chron
234,32.830827401592416,234_chron
138,32.83895623473826,138_chron
60,32.8507995038264,60_chron
94,32.85342319528216,94_chron
309,32.91025111254576,309_chron
183,32.916115237075985,183_chron
42,32.96419367582874,42_chron
197,32.978740571188304,197_chron
249,33.063438901944885,249_chron
357,33.1087244088188,357_chron
135,33.14882932194879,135_chron
352,33.162150969501816,352_chron
387,33.18637769242243,387_chron2
113,33.22735805033638,113_chron
23,33.23024928734821,23_chron
313,33.252904416610534,313_chron2
210,33.28314456826235,210_chron2
315,33.30416745086014,315_chron2
29,33.31597413511059,29_chron
253,33.320976441622285,253_chron
34,33.33295632412414,34_chron
28,33.34701957636806,28_chron
370,33.38529634353775,370_chron
220,33.5256698360519,220_chron
324,33.546998061399016,324_chron
261,33.58753041414455,261_chron
281,33.65607505505521,281_chron
256,33.66800421005791,256_chron
175,33.72691284254713,175_chron
276,33.73099476402808,276_chron
346,33.760199356586135,346_chron2
423,33.834315579941425,423_chron2
339,33.869075981232086,339_chron2
293,33.87394681661295,293_chron
378,33.93000143562764,378_chron2
341,33.940595769255765,341_chron2
369,33.96314327093477,369_chron
330,33.97623304180053,330_chron
318,33.97929406679835,318_chron2
373,34.01015648565888,373_chron
203,34.100233406412556,203_chron
164,34.10190324458168,164_chron
178,34.11327018043617,178_chron
212,34.15052971593237,212_chron
77,34.19368493163033,77_chron
304,34.222845117666026,304_chron2
419,34.22741238956736,419_chron2
382,34.2804620438717,382_acute2
225,34.29221554987592,225_chron2
155,34.368246526458286,155_chron
379,34.3916267454226,379_chron
116,34.417760403541045,116_chron
269,34.426266585418034,269_chron
356,34.43087036412469,356_chron
414,34.4387875870627,414_chron
331,34.58498530333403,331_chron
372,34.634450932132964,372_chron2
314,34.65904595024449,314_acute2
306,34.72296535632887,306_chron2
97,34.74545807661507,97_chron
71,34.78354033767404,71_chron
336,34.81511407089194,336_chron
163,34.85845906209479,163_chron
389,34.89012448503219,389_chron
268,34.92822353228808,268_chron
353,34.929054152720894,353_chron
495,34.93691468243021,495_chron2
156,34.93825033618434,156_chron
157,34.95561949019683,157_chron2
58,34.98636345316537,58_chron
415,35.02614473897336,415_chron2
409,35.04097473887342,409_chron
320,35.05517486108826,320_chron
173,35.105847598318675,173_chron
38,35.10605301806367,38_chron
292,35.142713730994906,292_chron2
322,35.157440620182975,322_chron
311,35.203928223706455,311_chron2
468,35.23478337301679,468_chron
425,35.278528235050295,425_chron2
154,35.28669976533254,154_chron
335,35.304383147388215,335_chron
181,35.348242920758615,181_chron
479,35.38376324229132,479_chron
55,35.38580963629021,55_chron
349,35.38610872660602,349_chron2
250,35.39342338733153,250_chron
410,35.41153047407878,410_chron
50,35.41770360212216,50_chron
260,35.42437257447644,260_chron2
297,35.49720932709616,297_chron
492,35.55809696139537,492_chron2
69,35.58949428542525,69_chron
285,35.65588658827988,285_chron
98,35.69231426246202,98_chron
399,35.6976920897709,399_chron2
345,35.70640692566593,345_chron
393,35.71792216329252,393_chron
450,35.72606921919748,450_chron
127,35.73980358786113,127_chron
482,35.75726343065951,482_acute
434,35.835822453318784,434_chron2
404,35.85268287750192,404_chron2
518,35.856687529583574,518_chron2
516,35.868594866281846,516_chron
380,35.89232018256286,380_chron
338,35.9148634948255,338_chron
347,35.97610374969884,347_chron
214,36.01035596483589,214_chron
490,36.040242311093195,490_chron
147,36.05904771273966,147_chron
412,36.06405638954658,412_chron
217,36.067652374111304,217_chron
228,36.103186479273184,228_chron
527,36.11466573959064,527_chron
238,36.120366542254565,238_chron
303,36.1453224615728,303_chron
478,36.19344609635169,478_chron
464,36.21802495770078,464_chron
327,36.29296629370515,327_chron
239,36.32215769444118,239_chron
328,36.363913410293975,328_chron
443,36.375002245112796,443_chron
438,36.45020789392189,438_chron2
446,36.46076604301111,446_chron
133,36.56307817895461,133_chron
424,36.607771175226105,424_chron
526,36.68317180096475,526_chron
377,36.68594577566594,377_chron
351,36.758174882227415,351_chron
257,36.79308821532212,257_chron2
371,36.83886245184428,371_chron2
46,36.86075582714119,46_chron
596,36.96565156143919,596_chron2
514,36.96782285347647,514_chron2
390,36.98744750792709,390_chron
137,36.989638039577585,137_chron
264,37.01619324072939,264_chron
359,37.02898210261869,359_chron2
541,37.034024174558674,541_chron
418,37.0439808089534,418_chron2
375,37.05326343014707,375_chron2
421,37.06562861364111,421_chron
411,37.10077833359152,411_chron
397,37.11378509193944,397_chron
488,37.11601990828173,488_chron
230,37.140365662207245,230_chron
444,37.15556646187274,444_chron2
587,37.17451301541755,587_chron
207,37.24952176459011,207_chron
403,37.32199833933068,403_chron
618,37.37109304157877,618_chron2
499,37.3863076321157,499_chron
267,37.42322340451449,267_chron2
578,37.46035051281296,578_chron2
459,37.47880951714825,459_chron
232,37.495203797081125,232_chron2
437,37.50532122113099,437_chron2
392,37.5340611888802,392_chron
493,37.58161509982616,493_chron
601,37.59378104299266,601_acute2
625,37.59465866939645,625_chron2
565,37.640990972939896,565_chron
607,37.730197131143804,607_chron2
211,37.741488082243436,211_chron
368,37.74276722429897,368_chron2
592,37.744141215405065,592_chron
454,37.77692604582029,454_chron
638,37.81028015736034,638_chron2
182,37.83413956129303,182_chron
186,37.847455384610164,186_chron
317,37.8601052041172,317_chron
254,37.87538344335089,254_chron
551,37.88429129679709,551_chron2
174,37.92467541958572,174_chron
441,37.9401127910776,441_chron
449,37.983025407601986,449_chron
354,38.00390414713066,354_chron
420,38.02119668251139,420_chron
559,38.060982309343785,559_chron2
529,38.08678609082783,529_chron
649,38.09942831743977,649_chron2
417,38.156283173856636,417_chron
59,38.16219504686598,59_chron
511,38.179603750782995,511_chron
398,38.19750307691726,398_chron
590,38.21061292616908,590_chron2
416,38.24124484641852,416_chron
611,38.258209261326414,611_chron2
215,38.31310952693647,215_chron
576,38.32344352675169,576_chron2
442,38.34271530319619,442_chron
661,38.381625938013144,661_chron
273,38.39761937854083,273_chron
128,38.4552276825136,128_chron2
329,38.455366047031,329_chron2
658,38.461255112438884,658_chron
519,38.46683249131319,519_chron
237,38.50651019684964,237_chron
496,38.53985229640855,496_chron2
361,38.54477288175763,361_chron
670,38.565361154305315,670_chron2
219,38.5790924326451,219_chron
312,38.590638550748054,312_chron
595,38.60204899563832,595_chron
473,38.61129679002196,473_chron2
680,38.66330085793954,680_chron
656,38.6998419991277,656_chron2
364,38.71247651477608,364_chron
299,38.74131534029987,299_chron
385,38.78600882515175,385_chron
604,38.80698586735418,604_chron2
43,38.828014724598596,43_chron
683,38.8394755728901,683_chron
400,38.85080012897689,400_chron
193,38.856850754194596,193_chron
469,38.865562693416884,469_chron
606,38.88453751289072,606_chron
99,38.906183941424175,99_chron
721,38.92334093293137,721_chron
646,38.94567871095101,646_acute2
487,38.98003921958312,487_chron
513,38.9932798093983,513_chron2
485,39.05324271509984,485_chron
737,39.067208681542375,737_chron
752,39.14483252097032,752_chron2
221,39.191634252114376,221_chron
648,39.194086841110085,648_chron
798,39.19585395163148,798_acute2
360,39.24856114349402,360_chron
188,39.27040327401767,188_chron
355,39.27971456585293,355_chron
772,39.3230901485826,772_chron2
433,39.35371364717808,433_chron2
406,39.36152295707951,406_chron
334,39.3810135432579,334_chron
508,39.408007687479035,508_chron
522,39.42115488820907,522_chron
242,39.42334609270902,242_chron
476,39.42417922358767,476_chron
770,39.501296608689294,770_chron
778,39.55319275376057,778_chron2
363,39.56150263330352,363_chron2
296,39.562704196157334,296_chron
654,39.56703091333124,654_chron
37,39.578144177845495,37_chron
548,39.58068288353602,548_chron
231,39.59638436932553,231_chron
344,39.60586012760334,344_chron
491,39.634235819449884,491_chron
757,39.64752676424878,757_chron
206,39.65727034163276,206_chron
598,39.68204188714033,598_chron
739,39.69371112217765,739_chron
177,39.70251999515389,177_chron
480,39.70996741850524,480_chron
515,39.74414804829065,515_chron
552,39.779762952443335,552_chron2
624,39.82280382058445,624_chron
194,39.82835834213475,194_chron2
628,39.82917998737736,628_chron
241,39.842954729067614,241_chron
367,39.84316302682489,367_chron
712,39.85838986506033,712_chron
401,39.87783344171836,401_chron
677,39.91354227356311,677_chron2
689,39.93946989550838,689_acute
727,39.9471972509179,727_chron
826,39.952058032419,826_chron2
326,39.954125449581554,326_chron
198,39.963062360996396,198_chron
613,39.9758300746021,613_chron
723,39.999807804365446,723_chron
396,40.01791966664472,396_chron
876,40.03523080209286,876_acute
833,40.05627522003089,833_chron2
616,40.07188395342632,616_chron
671,40.08734454602901,671_acute2
428,40.094408311879924,428_chron
337,40.09568614088086,337_chron
535,40.10689250171887,535_chron
745,40.14395531712689,745_chron2
799,40.144537057644044,799_chron2
556,40.1697739217824,556_chron
149,40.17278473203365,149_chron
564,40.21547450872712,564_chron
643,40.217856921528906,643_chron2
795,40.23522514811743,795_chron2
804,40.24658185893037,804_acute2
391,40.24703548926117,391_chron
100,40.27507556909822,100_chron
463,40.28596694247902,463_chron
467,40.31184223356615,467_chron
429,40.33551108869692,429_chron
605,40.34741037593019,605_chron
196,40.367828626330166,196_chron
619,40.37618117409959,619_chron
146,40.40893626987689,146_chron
226,40.421171768289085,226_chron
374,40.42299195485422,374_chron
707,40.427619707147954,707_chron
572,40.44672929975059,572_chron
815,40.492947384513435,815_chron
622,40.50180468899545,622_chron
835,40.512261867489855,835_chron2
245,40.52243343175721,245_chron
868,40.530588934476974,868_chron
283,40.53586353464668,283_chron
435,40.552533156912574,435_chron
832,40.56162901529328,832_chron
871,40.56418823099199,871_chron
913,40.57509754497543,913_chron2
806,40.587865294029314,806_chron2
597,40.59034843723641,597_chron
561,40.606922677619416,561_chron
617,40.62181426317169,617_chron2
776,40.644631773047834,776_chron2
845,40.69145809190555,845_chron
523,40.72429600520292,523_chron
693,40.73344430689959,693_chron2
466,40.759721425461166,466_chron
471,40.76786930044852,471_chron
583,40.78316146035135,583_chron2
699,40.787348816744334,699_chron
609,40.789132039380945,609_chron2
36,40.803447158007145,36_chron
813,40.85034355387777,813_chron2
461,40.85239168609703,461_chron
698,40.85798866598118,698_chron
802,40.86223274488503,802_acute
158,40.87326475815064,158_chron
750,40.91095932575437,750_chron
789,40.9283661655191,789_chron2
405,40.93245515862851,405_chron
692,40.94344206659321,692_chron2
710,40.951898435216926,710_chron
755,41.000073610416585,755_chron
388,41.00749697126986,388_chron
768,41.03932476431316,768_chron2
675,41.06457511953476,675_chron
581,41.091873514328796,581_chron2
633,41.110326538442806,633_chron2
691,41.1182713996381,691_chron
288,41.134226695472286,288_chron
982,41.139369357704474,982_acute2
705,41.156769051586316,705_chron
509,41.1763799789312,509_chron
641,41.178949404742085,641_chron2
549,41.204003336292544,549_chron
458,41.225950703993284,458_chron
872,41.257468580429695,872_acute2
635,41.25858900470249,635_chron
497,41.26388581807014,497_chron
924,41.27509013944239,924_chron
763,41.28163936072528,763_chron
706,41.28255878907941,706_chron2
986,41.29732696909488,986_chron2
669,41.3214194570352,669_chron2
484,41.334566860738676,484_chron2
859,41.341355278379766,859_chron
31,41.341516724927,31_chron
811,41.34690610841375,811_chron
915,41.37918400514816,915_chron
32,41.405797916857985,32_chron
534,41.40813515425548,534_chron
824,41.40956007651799,824_chron
715,41.416405281447304,715_chron2
453,41.42168011388761,453_chron
575,41.43563551501075,575_chron2
222,41.48502943297779,222_chron
1022,41.48554904970025,1022_chron2
408,41.49940480265788,408_chron
636,41.503205125349496,636_chron
407,41.507894791032825,407_chron
960,41.517112218440836,960_chron
764,41.52368294540353,764_chron
223,41.525970344186526,223_chron
703,41.58187711979693,703_chron2
716,41.60939277117942,716_chron
489,41.612533106932716,489_chron
780,41.61447531997462,780_chron
891,41.620954421577586,891_acute
754,41.62658840449019,754_chron
1030,41.67661465098967,1030_chron
579,41.68643274087443,579_chron
621,41.69063656213716,621_chron
570,41.69355334163091,570_chron
929,41.703822590984906,929_chron
965,41.73078370869645,965_chron
362,41.73564461654943,362_chron
481,41.73735024911437,481_chron
766,41.74721507706417,766_chron2
475,41.779606069393296,475_chron
796,41.824586168869835,796_chron
653,41.84370939737503,653_chron
831,41.84880526403258,831_chron2
744,41.860769774773956,744_chron2
728,41.871714982339185,728_chron
585,41.89206009810616,585_chron
460,41.902608514469954,460_chron
216,41.92318906673432,216_chron
791,41.927910449111344,791_chron
1001,41.96480372679537,1001_acute
247,41.97393524459284,247_chron
525,41.97684392123701,525_chron2
474,41.98948313097065,474_chron
697,42.006894626938326,697_chron2
792,42.03659496566967,792_chron
472,42.059603226854,472_chron2
506,42.075180601994326,506_chron
74,42.08917219480375,74_chron
632,42.09740448317204,632_chron
395,42.1137785121338,395_chron
1090,42.14926367133586,1090_acute
888,42.16431976385402,888_chron
445,42.19610409294103,445_chron
615,42.21809240404377,615_chron2
702,42.23989163645469,702_chron2
875,42.25441843213602,875_chron
348,42.28476433484486,348_chron
376,42.29577479413933,376_chron
825,42.30813474364828,825_chron2
1109,42.329902061588484,1109_acute
730,42.33241842421503,730_chron
794,42.35781075377204,794_chron
16,42.3655016725346,16_chron
864,42.38796287354759,864_chron
771,42.42350399796501,771_chron
343,42.44015883605633,343_chron
660,42.44626320318974,660_chron
837,42.46665291507785,837_chron
782,42.502670447164014,782_chron2
684,42.50561908078478,684_chron2
112,42.54043206806181,112_chron
342,42.582297420321474,342_chron
847,42.59237431859033,847_chron2
1112,42.63015529387752,1112_chron
907,42.64082122135391,907_chron
988,42.64977383286537,988_chron2
533,42.67473813371519,533_chron
544,42.67772233825814,544_chron2
1017,42.70925423039161,1017_chron2
816,42.722165452794336,816_chron
1074,42.743483030295764,1074_chron
817,42.769753235318454,817_chron
905,42.78274847985571,905_chron2
101,42.78756153973504,101_chron
542,42.78859904891163,542_chron
644,42.79683326616394,644_chron
1178,42.808648722972755,1178_acute2
904,42.8103941072965,904_chron
1050,42.816468262872334,1050_chron
996,42.85726299511145,996_chron
880,42.89150849978989,880_chron2
761,42.92735055532599,761_chron
233,42.92808354416406,233_chron
1158,42.93323125058583,1158_acute
887,42.96052600283732,887_chron
808,42.97807453381198,808_chron
562,42.98885232978811,562_chron
1072,42.999576970057134,1072_chron2
679,43.020688335322035,679_chron
1005,43.03494256145302,1005_chron
686,43.08477706517644,686_chron2
271,43.09324502094176,271_chron
735,43.11385332229629,735_chron2
797,43.12208684786823,797_chron
803,43.125246330393765,803_chron2
1067,43.135108397472024,1067_chron2
896,43.16327937149068,896_chron2
567,43.17021417632571,567_chron
696,43.17797170220383,696_chron
614,43.204887320636125,614_chron
1082,43.21052419635974,1082_chron2
505,43.21199567327949,505_chron
827,43.217238467530514,827_chron
1062,43.232637983609244,1062_chron
882,43.24756786206892,882_chron
66,43.29022197018481,66_chron2
1054,43.29527291269752,1054_chron
774,43.295526083191206,774_chron2
784,43.31041249267617,784_acute
938,43.31198059638117,938_chron
1113,43.320832098716046,1113_chron
912,43.32904935497623,912_chron
582,43.33732782809009,582_chron
980,43.345998367738034,980_chron2
1043,43.363444519681174,1043_chron2
1147,43.367193023075295,1147_chron2
626,43.36730151674257,626_chron
943,43.37845882449507,943_chron
1213,43.38338702493631,1213_chron2
1117,43.394761513128586,1117_chron2
591,43.42961587600461,591_chron
1086,43.47745697364212,1086_chron2
1143,43.478601072872614,1143_chron
857,43.48397823887558,857_chron
1186,43.4858904751721,1186_chron
1042,43.535123236529074,1042_chron
1150,43.55674238272835,1150_chron2
923,43.56294556315733,923_chron
861,43.56613957371094,861_chron
810,43.60891210571612,810_chron
502,43.618854026755514,502_chron
308,43.629651278632025,308_chron
700,43.63054757640573,700_chron
725,43.642340780242144,725_chron
512,43.64760386877821,512_chron
785,43.659570054735546,785_chron
1023,43.663367137240996,1023_chron2
1057,43.667406488572965,1057_chron
89,43.67025825669545,89_chron
928,43.6869033419757,928_chron
270,43.6942161314606,270_chron
934,43.714436744121464,934_chron
1262,43.726747858224705,1262_chron2
828,43.73528768347792,828_chron
1191,43.73837915764674,1191_chron
431,43.74798604057061,431_chron
1224,43.762077568643306,1224_chron2
536,43.76712285911739,536_chron
520,43.77862661306121,520_chron
1010,43.78142811748296,1010_chron
1089,43.78649113694379,1089_chron2
732,43.78744294782439,732_chron2
1222,43.82076443196842,1222_chron
504,43.82128966914498,504_chron
1028,43.828393848917365,1028_acute
664,43.84990316593289,664_chron
1044,43.871177610088154,1044_chron
323,43.9024730416768,323_chron
1212,43.905417945497504,1212_chron
1083,43.91128410518139,1083_chron2
657,43.91303061963079,657_chron
295,43.91892985217559,295_chron
1040,43.92525756405615,1040_chron2
558,43.94134039544706,558_chron
95,43.94286692718671,95_chron
1024,44.01031465487706,1024_chron
862,44.013905490693276,862_chron
1172,44.04601264851435,1172_chron
1218,44.046472263824775,1218_chron2
1270,44.067667480131405,1270_chron
557,44.1220516929603,557_chron
1175,44.13744756399605,1175_chron
801,44.14561542738066,801_chron
1085,44.158288434899895,1085_chron2
1188,44.162202636633154,1188_chron
571,44.16968990499928,571_chron
878,44.1722493733604,878_chron
1061,44.19465129922868,1061_chron
1133,44.24763122035952,1133_chron
568,44.269833740196994,568_chron
790,44.28477516188045,790_chron2
1145,44.31079788973839,1145_chron2
366,44.328074464061295,366_chron
470,44.33035223630874,470_chron
141,44.33329799757224,141_chron
1229,44.35604644498456,1229_chron2
1110,44.37370896553736,1110_chron2
1004,44.39175059446575,1004_chron2
1148,44.392231855614796,1148_chron2
1207,44.43458314008807,1207_chron
1132,44.43798188299801,1132_chron
1013,44.45037318353221,1013_chron2
1189,44.48903521839013,1189_chron
1383,44.49137567301835,1383_acute2
1070,44.50393096710874,1070_chron2
1209,44.51126761672477,1209_chron
152,44.52329453959434,152_chron
678,44.55230470014303,678_chron
640,44.554168713925236,640_chron
773,44.559266176680744,773_chron
521,44.56945219615827,521_chron
720,44.58967664212254,720_chron
1053,44.60147358167585,1053_chron
1129,44.61802777930996,1129_chron2
722,44.64310460772219,722_chron
746,44.64891373362429,746_chron2
235,44.66162259407209,235_chron
1130,44.66257245681419,1130_chron2
991,44.66988994955507,991_chron
1344,44.67356961073798,1344_chron2
1196,44.6821987342328,1196_chron
555,44.69934550431627,555_chron
1278,44.71363957664406,1278_chron2
494,44.7201186374558,494_chron2
539,44.73286262865662,539_chron
742,44.739064974091065,742_chron
819,44.767070606295384,819_chron
1075,44.76797610356959,1075_chron
1419,44.793526136116235,1419_acute2
1137,44.79399021943254,1137_chron2
1242,44.797492621033086,1242_chron
933,44.79984203276539,933_chron2
1387,44.80000889947095,1387_chron
709,44.808297864020695,709_chron2
866,44.810835726933945,866_chron2
885,44.814075532089056,885_chron
1326,44.81912773264117,1326_chron
1337,44.83580045770989,1337_chron2
849,44.84793577599695,849_chron
979,44.84849066344923,979_chron2
1206,44.85983137243721,1206_chron2
1304,44.860668635998316,1304_chron
1099,44.86213096625802,1099_chron
109,44.86378028270596,109_chron
777,44.872245900274535,777_chron
818,44.87407816922562,818_chron
724,44.88191760117139,724_chron
873,44.89320045370461,873_chron
580,44.90274644207874,580_chron
836,44.9089795978873,836_chron
951,44.90957199441911,951_chron
945,44.953299873582495,945_chron
850,44.9641828225411,850_chron
1185,44.96763179551522,1185_chron
844,44.96994701235403,844_chron2
949,45.03049541518189,949_chron
1391,45.05761096580166,1391_chron2
645,45.072406956840666,645_chron
168,45.08492442887111,168_chron
889,45.088498435544466,889_chron
1248,45.094403248916656,1248_chron2
984,45.10135837967525,984_chron
1227,45.138861655874415,1227_chron
1125,45.21899888550844,1125_chron
978,45.22120354792238,978_chron
718,45.22612908283661,718_chron2
762,45.226440711162425,762_chron
747,45.230523472686656,747_chron
1353,45.234690872507684,1353_chron
918,45.24122728274008,918_chron
953,45.25548920647805,953_chron2
1349,45.271875775500625,1349_chron2
1398,45.289977989996835,1398_chron2
673,45.29670143601751,673_chron
925,45.297486374933946,925_chron
1235,45.31620150256692,1235_chron2
1346,45.32120827305431,1346_chron2
462,45.337418292963385,462_chron
1003,45.34862578720188,1003_chron
997,45.35112159602239,997_chron2
865,45.375113769878986,865_chron
1413,45.395532551495656,1413_chron2
999,45.42145904782456,999_chron2
1315,45.43002369773533,1315_chron2
1310,45.44057438738817,1310_chron
227,45.455180951141244,227_chron
1448,45.46278758803166,1448_acute
1260,45.490148468646176,1260_chron
681,45.52185766014688,681_chron
906,45.54081358832579,906_chron2
1370,45.54866458841206,1370_chron2
1217,45.56322789866083,1217_chron
1064,45.580605488020254,1064_chron
1014,45.60852328231347,1014_chron
1033,45.614732438228955,1033_chron
1035,45.63924920173131,1035_chron
1324,45.64639032387788,1324_chron
1170,45.647262667929596,1170_chron2
1177,45.66334802939623,1177_chron2
972,45.667191009167695,972_chron
1194,45.67052903666429,1194_chron
1166,45.69529799003414,1166_chron
1187,45.70593433124255,1187_chron
834,45.754354869889745,834_chron
1329,45.76022700445757,1329_chron
1541,45.787399716239364,1541_acute
1154,45.79274031312757,1154_chron
1388,45.798226784085145,1388_chron2
623,45.79982961112132,623_chron
1385,45.80283596606357,1385_chron
937,45.81497429278245,937_chron2
1538,45.82576521300336,1538_acute2
1274,45.82596393648165,1274_chron
642,45.84428717530904,642_chron
1279,45.86667918310205,1279_chron
1319,45.87642548505325,1319_chron
1164,45.899460745509906,1164_chron
939,45.90543291122191,939_chron
1265,45.90784518978541,1265_chron2
436,45.91274360712653,436_chron
1284,45.93701831071664,1284_chron
1079,45.94513305381724,1079_chron
1331,45.961001063143634,1331_chron2
870,45.974881187449355,870_chron
1552,45.98181097328891,1552_acute
545,45.98366799618062,545_chron
1181,45.99976951472083,1181_chron
637,46.00016837887522,637_chron
856,46.0215339202988,856_chron2
1204,46.041759940101024,1204_chron2
1483,46.08494197690556,1483_acute2
1300,46.09957261053344,1300_chron2
1445,46.104777662647436,1445_chron2
892,46.112885848456145,892_chron
1496,46.13177259712974,1496_chron2
1540,46.13389298022624,1540_chron2
652,46.146293782394466,652_chron
1011,46.16472459512315,1011_chron
1162,46.17188110067451,1162_chron
1359,46.180030719679635,1359_chron2
1021,46.181357121081255,1021_chron
1320,46.181484038868334,1320_chron2
1183,46.1869560597466,1183_chron
775,46.22804106197541,775_chron2
1443,46.24220504185992,1443_chron
1029,46.26292504076938,1029_chron
998,46.27691660357753,998_chron
1494,46.286098905315924,1494_chron
218,46.30088191259682,218_chron
1341,46.32308028210138,1341_chron
1543,46.34590900862901,1543_chron2
1507,46.35420760835952,1507_chron2
769,46.359246007444,769_chron
726,46.36478930741047,726_chron
1522,46.40653550045581,1522_chron2
812,46.417147970169225,812_chron
1637,46.425989718273605,1637_chron
1247,46.43759800059871,1247_chron
948,46.454996857901364,948_chron
1505,46.46084888874677,1505_chron2
114,46.47512997313686,114_chron
822,46.484992381285906,822_chron
952,46.489343108339035,952_chron
630,46.50762217717511,630_chron2
1367,46.50893912468393,1367_chron
903,46.51693284482422,903_chron
1281,46.52519134182517,1281_chron
430,46.52682490673089,430_chron
1135,46.53776498203446,1135_chron2
1700,46.54454569124458,1700_chron2
1228,46.5456229779109,1228_chron
1591,46.55112379240817,1591_chron2
465,46.55636795287873,465_chron
1673,46.56016199036077,1673_chron
1336,46.562801902649824,1336_chron2
538,46.564670567016734,538_chron
1674,46.56717647964184,1674_chron
631,46.58955492077743,631_chron2
1237,46.60037055239793,1237_chron
1197,46.600513842200364,1197_chron2
550,46.62033414739254,550_chron
1449,46.6319205128996,1449_chron2
1474,46.640242021501464,1474_chron
620,46.66131810354458,620_chron
685,46.67141164956202,685_chron
1401,46.67386250599741,1401_chron2
1468,46.67507899576297,1468_chron
394,46.675909080813554,394_chron
935,46.67619229316557,935_chron
1037,46.68167943017349,1037_chron
1579,46.699086804430145,1579_acute
1195,46.70002258179088,1195_chron
528,46.715044625411885,528_chron
1048,46.74124252080566,1048_chron
829,46.75217629441007,829_chron
1293,46.76746173552572,1293_chron
1141,46.77682015814809,1141_chron
1549,46.782553436791616,1549_chron
524,46.78831234245782,524_chron
1018,46.79155152993921,1018_chron
823,46.843631110587864,823_chron
961,46.84399973138469,961_chron
1136,46.8449472143791,1136_chron
1118,46.85444657557746,1118_chron2
451,46.857777025869744,451_chron
1405,46.86221249292928,1405_chron2
1771,46.87740640016681,1771_acute
1462,46.90714971756922,1462_chron2
895,46.92937383715236,895_chron
1628,46.93177962516655,1628_chron2
1667,46.93265869867922,1667_chron2
662,46.93453096087578,662_chron
554,46.936043120104856,554_chron
1123,46.94374416294314,1123_chron
1781,46.945294272578735,1781_acute2
1772,46.95144771265446,1772_acute2
1088,46.96320621528072,1088_chron2
1257,46.96376989840012,1257_chron
1503,46.96859503071808,1503_chron
1597,46.98226013183765,1597_chron2
820,47.01352651359676,820_chron2
869,47.018924985142306,869_chron2
655,47.022252711261984,655_chron
842,47.027466188090116,842_chron
1395,47.03034786301236,1395_chron
1394,47.04667223167088,1394_chron
1087,47.05950177277567,1087_chron
1607,47.06746243877387,1607_chron
1392,47.07048028603492,1392_chron2
1038,47.077710523179206,1038_chron
1663,47.08926803389087,1663_chron2
1397,47.1005288081538,1397_chron
674,47.116823445992644,674_chron
1516,47.133542023646264,1516_chron
1409,47.15281871461911,1409_chron2
1630,47.167256109784184,1630_chron2
1403,47.17821687324217,1403_chron2
1559,47.18530882539571,1559_chron2
1615,47.189260492855134,1615_chron2
1366,47.20439441141185,1366_chron
1710,47.21872281653752,1710_chron2
990,47.22239112127563,990_chron
993,47.23755491490044,993_chron
821,47.24490862100978,821_chron
1068,47.25944252842472,1068_chron
985,47.26342704147315,985_chron
1379,47.26394978938149,1379_chron2
809,47.26890180537976,809_chron
1077,47.27152009829923,1077_chron
639,47.2960145674347,639_chron
1714,47.299226653270566,1714_acute2
1452,47.30805030670727,1452_chron2
1625,47.31769851344477,1625_chron
1105,47.352134120689946,1105_chron
1440,47.36951927643462,1440_chron2
1655,47.39120484386645,1655_chron
1684,47.39478868438479,1684_chron2
1306,47.41062454091866,1306_chron2
1574,47.435466290539786,1574_chron
1361,47.4412705675564,1361_chron
1283,47.45444465459341,1283_chron
1330,47.473675276815115,1330_chron
1562,47.47394950627938,1562_chron
1176,47.48954430132358,1176_chron
1697,47.494681185813725,1697_chron
966,47.49753852745147,966_chron2
1651,47.50426053355917,1651_chron2
1055,47.52212144033707,1055_chron
608,47.526614598540704,608_chron
1497,47.52738513797826,1497_chron
1736,47.53062412069012,1736_chron
1822,47.54694586150235,1822_chron2
1360,47.589780581738964,1360_chron
976,47.59570563082995,976_chron
1626,47.59669435554077,1626_chron2
1826,47.59978329897518,1826_acute
1518,47.607759659545195,1518_chron
1565,47.619508209737255,1565_chron
947,47.625065349541416,947_chron
957,47.63787319242303,957_chron
1354,47.65479597202021,1354_chron
1432,47.65862010495536,1432_chron
1073,47.661233125384626,1073_chron2
1500,47.66961145933374,1500_chron
942,47.67435533250209,942_chron
717,47.7087931642175,717_chron
543,47.715721027194654,543_chron
736,47.72303235752906,736_chron2
1307,47.72424887875875,1307_chron
917,47.73891176437032,917_chron
1032,47.7414845054211,1032_chron
713,47.748609489115445,713_chron
1461,47.75343843567586,1461_chron2
1261,47.76627010555721,1261_chron
278,47.780578932581875,278_chron
1548,47.799466855159864,1548_chron
650,47.8245620428762,650_chron
1015,47.82555925200293,1015_chron
1729,47.84579131627973,1729_chron
1750,47.863706100322396,1750_chron2
1056,47.88740909584859,1056_chron2
973,47.889665712867505,973_chron
1724,47.8911018437776,1724_chron
1215,47.89542566787535,1215_chron2
940,47.901072226230724,940_chron
1182,47.903766288945924,1182_chron
1427,47.910785755865874,1427_chron
974,47.92199767447759,974_chron
1216,47.92210044146613,1216_chron
1804,47.92969973727683,1804_acute
1676,47.93069618889989,1676_chron
1872,47.960327092179654,1872_chron
969,47.96178084259244,969_chron
1487,47.963244418802276,1487_chron
1171,47.97038291986286,1171_chron2
1532,47.97680011497556,1532_chron
1903,47.98716555357072,1903_chron2
1632,47.99648920632822,1632_chron
1441,47.997257785731065,1441_chron
1393,47.99797297319851,1393_chron
1314,48.00754426649144,1314_chron
1757,48.01169465933136,1757_chron
956,48.01631933993425,956_chron2
1027,48.02840899738239,1027_chron
1645,48.058080783323774,1645_chron2
1312,48.06706936734365,1312_chron2
1184,48.07965438479388,1184_chron
1654,48.104134362423295,1654_chron2
1504,48.11526527637395,1504_chron
1704,48.11647484533721,1704_chron2
1947,48.120003246349576,1947_acute2
971,48.12419601581644,971_chron
1156,48.12442767403748,1156_chron
843,48.13382007580348,843_chron
1153,48.13741895020298,1153_chron2
919,48.138906157886005,919_chron
1364,48.14434012936745,1364_chron
682,48.14696923234721,682_chron
1289,48.15601754500294,1289_chron
1423,48.16100467331549,1423_chron
1833,48.169962165860404,1833_chron
967,48.17238549568563,967_chron
1669,48.176507976632315,1669_chron2
1051,48.1908442456667,1051_chron
1100,48.191799061210745,1100_chron2
1876,48.19890675651105,1876_chron
921,48.20165846081673,921_chron
1512,48.2067663051099,1512_chron2
1239,48.21163822758344,1239_chron
1271,48.23296669151855,1271_chron
1592,48.24430747311854,1592_chron
1873,48.24830961938558,1873_chron2
532,48.25249896091698,532_chron
1273,48.254196595278195,1273_chron
1151,48.26129410896355,1151_chron
1571,48.2826961240722,1571_chron
1472,48.29949785260647,1472_chron2
1002,48.30059940536144,1002_chron
1526,48.3044778264895,1526_chron
1244,48.31516797151313,1244_chron
427,48.323905838362926,427_chron
1789,48.34672391237475,1789_acute
1514,48.348450074098224,1514_chron
1533,48.35038651571601,1533_chron
1723,48.368970826924475,1723_chron
1421,48.37699207147286,1421_chron
1455,48.37736803006337,1455_chron2
855,48.40501077062004,855_chron
1586,48.414529935000225,1586_chron
1683,48.41973404963567,1683_chron2
659,48.43559702588481,659_chron
1567,48.44228408901727,1567_chron
1399,48.46424810595422,1399_chron
1659,48.474695308518285,1659_chron
1946,48.48177221461979,1946_chron2
731,48.50606465078853,731_chron
1486,48.51433568418054,1486_chron
920,48.520726351861335,920_chron2
1199,48.53173371185451,1199_chron
1475,48.53823681428453,1475_chron
440,48.54391368459388,440_chron
1920,48.56027691440143,1920_chron2
964,48.56293433960884,964_chron
1590,48.56485446454154,1590_chron
1034,48.572858716192265,1034_chron
1465,48.574734865109285,1465_chron2
1390,48.612218817723125,1390_chron2
586,48.61722201943962,586_chron
711,48.61983994479358,711_chron
1139,48.64289272908616,1139_chron
1868,48.65600275880844,1868_chron
962,48.65640527689519,962_chron
1311,48.65656996529644,1311_chron
1471,48.66574469120766,1471_chron2
1231,48.67178768807714,1231_chron
1294,48.67504135097349,1294_chron
1748,48.67744110663049,1748_chron2
1635,48.681239958548225,1635_chron
1444,48.6897273465274,1444_chron2
1788,48.698481587722306,1788_chron2
704,48.70435162666005,704_chron
298,48.70809726641046,298_chron
1071,48.70811012955278,1071_chron2
1529,48.73036051177779,1529_chron2
1595,48.7336689687675,1595_chron
2061,48.737601445945394,2061_chron2
500,48.73784768163888,500_chron
1718,48.74165656024467,1718_chron2
1716,48.74560048461792,1716_chron2
1144,48.764655706711864,1144_chron
941,48.76643560868496,941_chron
1846,48.76857794543541,1846_chron
1972,48.79161142011593,1972_chron
1935,48.79348899297338,1935_chron
1696,48.79985344625119,1696_chron2
1685,48.80225859017059,1685_chron
1220,48.82353633144169,1220_chron
1707,48.83016042110898,1707_chron
2076,48.83347792827617,2076_chron
1640,48.834523032438135,1640_chron
1478,48.85176830754476,1478_chron
1096,48.85928696468739,1096_chron
1690,48.86316316301404,1690_chron
1509,48.865005177970886,1509_chron2
1623,48.873541195182355,1623_chron
365,48.87863029983625,365_chron
1446,48.890609734182284,1446_chron
2067,48.89390506431671,2067_acute
1434,48.9002017825996,1434_chron
1753,48.90150900594676,1753_chron
1941,48.919035506893266,1941_chron2
1535,48.92023659337648,1535_chron2
1264,48.93627577956167,1264_chron
1066,48.948497789338276,1066_chron
1720,48.9562766442964,1720_chron2
2038,48.95807176204069,2038_chron2
1356,48.968032729406794,1356_chron
753,48.97922449548918,753_chron2
1531,48.98296585958537,1531_chron
1721,48.991176990639374,1721_chron
908,49.01995450526179,908_chron
1501,49.02708906693973,1501_chron
688,49.0281706294125,688_chron
2044,49.033677356371335,2044_chron2
244,49.0549843742179,244_chron
1950,49.059471560806436,1950_chron
1502,49.068510176987424,1502_chron
546,49.09102032276638,546_chron
1545,49.12724252546189,1545_chron
1921,49.141714609926396,1921_acute
651,49.142416864936266,651_chron
1369,49.15163850945291,1369_chron
1610,49.164084929779825,1610_chron2
1726,49.17395541181322,1726_chron
1749,49.180547564816415,1749_chron
1719,49.19206541060936,1719_chron
1970,49.20531435497951,1970_chron2
1078,49.21721987966445,1078_chron2
1173,49.22999170234363,1173_chron
1482,49.23754262036668,1482_chron
1467,49.243720762839736,1467_chron
2094,49.2500922938522,2094_chron2
1866,49.26309565360237,1866_chron2
1916,49.26556653939068,1916_chron
1613,49.268251565968285,1613_chron
1955,49.2759637840091,1955_acute
1111,49.285966071069716,1111_chron
566,49.30749913899918,566_chron
2032,49.31095442292416,2032_chron
2026,49.318777738889594,2026_acute
2159,49.33621918613552,2159_chron2
1210,49.352509517356175,1210_chron
1333,49.354905955828414,1333_chron
1065,49.356298266247634,1065_chron
1819,49.3758932492363,1819_chron
1652,49.38584810774195,1652_chron
1828,49.38971070613526,1828_chron
319,49.39001032920482,319_chron
1161,49.392194732547054,1161_chron
863,49.40051069137982,863_chron
2117,49.40137884259256,2117_acute
1887,49.40545394083266,1887_chron
787,49.417566525847434,787_chron
1879,49.43277960615995,1879_chron2
381,49.43284134703956,381_chron2
1233,49.4501499690763,1233_chron
1539,49.467239772765794,1539_chron
1915,49.474800110143086,1915_chron2
1727,49.47840758450227,1727_chron2
1236,49.48309863798549,1236_chron
1927,49.48518098360151,1927_chron
1594,49.50058568463578,1594_chron
1418,49.51073220581435,1418_chron2
751,49.51785494242613,751_chron
2093,49.52616861155326,2093_chron2
2041,49.52955588741703,2041_chron
1706,49.53300818516404,1706_chron2
1420,49.55559824656487,1420_chron2
1426,49.559730936718076,1426_chron2
853,49.566231884560814,853_chron
1994,49.575604224593185,1994_chron
589,49.58833972203024,589_chron
1677,49.5895654591002,1677_chron2
1983,49.597773124148276,1983_chron
1155,49.59850219119738,1155_chron
1813,49.60574426380635,1813_chron
2270,49.62240166907257,2270_chron2
1614,49.62242634477481,1614_chron
1839,49.64919499268346,1839_chron
1334,49.655466341848935,1334_chron
1894,49.65938460808389,1894_chron2
910,49.66319988352265,910_chron
1412,49.66420043825688,1412_chron
1528,49.66772419309784,1528_chron2
1764,49.67186528093675,1764_chron
1453,49.689044838522264,1453_chron
629,49.695385785764906,629_chron
2281,49.6974226387923,2281_chron
1735,49.707083021279765,1735_chron
1298,49.731292308315965,1298_chron
2071,49.740237519399734,2071_chron
2165,49.741771007591666,2165_chron2
1290,49.75955021545849,1290_chron
1796,49.7663757159557,1796_chron2
1241,49.772843778668964,1241_chron2
2146,49.777843260342316,2146_chron
1793,49.77794704972328,1793_chron2
2209,49.782108354201426,2209_chron
263,49.7830929543404,263_chron
1948,49.8147268496764,1948_chron
1911,49.8202914870199,1911_chron
1850,49.83425338554543,1850_chron2
2367,49.845541657476076,2367_acute
2128,49.854183411035216,2128_chron2
1106,49.857292223462295,1106_chron
1928,49.86535228475061,1928_chron2
1883,49.88060454341983,1883_chron
1756,49.88171544347578,1756_chron
1159,49.88962122124777,1159_chron
1063,49.89829058252232,1063_chron
1232,49.921355288261985,1232_chron
2158,49.92258030019579,2158_chron
2188,49.92537597905275,2188_chron
510,49.933666666087795,510_chron
1792,49.935821917774064,1792_chron
2139,49.941724750621134,2139_chron
1523,49.94344216962597,1523_chron
1362,49.94727693476288,1362_chron
1820,49.955314620510656,1820_chron
1914,49.95539126627632,1914_chron
1854,49.96530419774826,1854_chron
2052,49.9658596794275,2052_chron
1795,49.977335028771485,1795_chron2
1525,50.0016933045741,1525_chron
830,50.01060113365639,830_chron
1350,50.01326387706672,1350_chron2
2149,50.01405898101024,2149_chron
402,50.017475724594945,402_chron
1810,50.022329030910726,1810_chron2
1098,50.03532652538726,1098_chron
788,50.03706912383982,788_chron
1142,50.060302485492926,1142_chron
665,50.06957656657545,665_chron2
1527,50.0706682790462,1527_chron
1783,50.073840456477505,1783_chron
1287,50.08469384501447,1287_chron
2357,50.08618865019378,2357_chron2
2142,50.09082187420344,2142_chron
902,50.11234533175024,902_chron
2016,50.11477544741936,2016_chron
1031,50.115152759038345,1031_chron
1934,50.11695222318944,1934_chron
1886,50.1172799426622,1886_acute
201,50.12286695223857,201_chron
1811,50.12630127088584,1811_chron2
1860,50.12695180962759,1860_chron
2266,50.14243622448478,2266_chron2
1198,50.14262705426121,1198_chron
1766,50.16246205760325,1766_chron2
1060,50.16363121752023,1060_chron
1245,50.166117686601446,1245_chron2
1877,50.1695268112175,1877_chron
1338,50.17179377561738,1338_chron
1806,50.175078894375936,1806_chron
2297,50.175183906753645,2297_chron
2257,50.18670396679847,2257_chron2
1680,50.19972945713064,1680_chron2
1762,50.20634173661327,1762_chron
2348,50.21411424528502,2348_chron2
560,50.23022069506308,560_chron
1790,50.235439963211,1790_chron
1722,50.24903431891167,1722_chron2
1938,50.25759314320736,1938_chron2
1485,50.269969072752254,1485_chron
1380,50.280558935939894,1380_chron
1121,50.293136378338104,1121_chron
2235,50.30168461111472,2235_chron2
2055,50.30303286386129,2055_chron
2437,50.31982558822547,2437_acute2
2427,50.34860969879174,2427_chron
1588,50.351453539460294,1588_chron
1657,50.409935836439146,1657_chron
2378,50.41977627194463,2378_chron
1841,50.42928025556599,1841_chron2
1550,50.42941304176911,1550_chron
1863,50.45850244617578,1863_chron2
2279,50.48631316851666,2279_chron
2127,50.49855290900134,2127_chron2
1618,50.5014390163902,1618_chron
2019,50.5116051602332,2019_chron
1103,50.51542600442197,1103_chron
1583,50.51783857000107,1583_chron
1489,50.522394247059495,1489_chron2
955,50.533470914931655,955_chron
503,50.54002944507997,503_chron
2448,50.548689555083484,2448_chron2
860,50.559951648292895,860_chron
2282,50.56551046032499,2282_chron
1969,50.579323521489165,1969_chron
1256,50.57941398122575,1256_chron2
2293,50.581531812904885,2293_chron2
1377,50.587504528795336,1377_chron
486,50.59979315324853,486_chron
1587,50.60100111940728,1587_chron
1174,50.60106339423672,1174_chron
1884,50.61816687367479,1884_chron
2289,50.62332305171019,2289_acute
2025,50.638507825700664,2025_chron
1138,50.64722132990462,1138_chron
994,50.64840444718528,994_chron
694,50.6492328174822,694_chron
2045,50.65105173074295,2045_chron
1998,50.65505811234276,1998_chron2
1410,50.6712014725292,1410_chron
1484,50.6772063242656,1484_chron
1045,50.68491583231666,1045_chron
1836,50.68732560681688,1836_chron
1226,50.68856165501208,1226_chron
1000,50.69224899511841,1000_chron
786,50.701610141695575,786_chron
874,50.70734973945221,874_chron
1169,50.722252637983246,1169_chron2
1428,50.72494858289524,1428_chron
1459,50.73529855558253,1459_chron
1386,50.73783147034839,1386_chron
600,50.75125548786952,600_chron
1296,50.75539711279689,1296_chron
2328,50.75661373522088,2328_chron2
1711,50.756631311107654,1711_chron
1662,50.76319802035922,1662_chron
1160,50.76369492120853,1160_chron
439,50.772083662444224,439_chron
1477,50.77705546811011,1477_chron
2264,50.787117702515985,2264_chron
1982,50.79141755739843,1982_chron
2470,50.791737041197244,2470_acute2
2106,50.80041994419337,2106_chron2
1932,50.81558674747653,1932_chron2
1466,50.82813428676855,1466_chron
2015,50.829543045339264,2015_chron2
2338,50.8328656618113,2338_acute2
1041,50.83675625687633,1041_chron
2099,50.838074022270625,2099_chron
2221,50.849865984662685,2221_chron
2215,50.856418533613166,2215_chron2
2053,50.8614810067049,2053_chron
927,50.86309236631537,927_chron2
1537,50.87810873113427,1537_chron
667,50.88498947259798,667_chron
2492,50.890450103796574,2492_chron2
2109,50.890691019655605,2109_chron
1556,50.89884331963455,1556_chron
743,50.912622452633364,743_chron
805,50.9232713964797,805_chron
1396,50.928388052537514,1396_chron
2097,50.93491671766565,2097_chron
858,50.93710012643102,858_chron
1770,50.94156251482427,1770_chron
2412,50.94309800883147,2412_chron
1827,50.944232164001036,1827_chron2
2493,50.95709334746178,2493_chron
2316,50.95786139141753,2316_chron
779,50.95889444963779,779_chron
2230,50.961559493728814,2230_chron
1940,50.96386207064884,1940_chron
1365,50.9639846557107,1365_chron
2403,50.982167710887246,2403_chron
781,50.99901229597876,781_chron
1910,51.008366574163205,1910_chron
2291,51.01397555041739,2291_chron
2413,51.014701742721904,2413_acute
2589,51.02165339464189,2589_acute
1966,51.02482415470735,1966_chron2
2347,51.03267909349362,2347_chron
1922,51.03729944396441,1922_chron
1649,51.048811294514415,1649_chron
2086,51.055132527301446,2086_chron
1570,51.09861996713428,1570_chron
1519,51.10061089368266,1519_chron
2313,51.102138353337395,2313_chron
672,51.12299908473542,672_chron
1127,51.125266000810655,1127_chron
1157,51.12734672825064,1157_chron
1268,51.12798638994186,1268_chron2
1223,51.133754570367074,1223_chron
1675,51.164791618847346,1675_chron2
2613,51.16492182014385,2613_chron2
1581,51.16592498742936,1581_chron
2124,51.16960071087718,2124_chron
634,51.17708274566269,634_chron
432,51.1837747435733,432_chron
2621,51.1958650011083,2621_acute
1609,51.20406028010299,1609_chron
1831,51.22832824240293,1831_chron
517,51.24752023330608,517_chron
2056,51.261693801397875,2056_chron
1869,51.27991066413223,1869_chron2
1986,51.30635075543455,1986_chron
2387,51.31428249346514,2387_chron
2008,51.31528319353685,2008_chron
1802,51.317473945672845,1802_chron
1208,51.320337055209016,1208_chron
483,51.32959292414003,483_chron
547,51.3318465247845,547_chron
2514,51.33514644028779,2514_chron
340,51.34135651213304,340_chron
2223,51.347657772396126,2223_chron
1746,51.35874798301359,1746_chron2
2611,51.36029733920943,2611_chron2
1858,51.36165758366647,1858_chron
783,51.363811678408986,783_chron
2261,51.36396128671341,2261_chron
2542,51.377272518620934,2542_chron
2096,51.37874883951882,2096_chron
2645,51.38762528870014,2645_chron2
1149,51.39707422330432,1149_chron
2602,51.40195012394133,2602_chron2
1381,51.40353369006678,1381_chron2
2160,51.40589673500238,2160_chron
1965,51.4069275956821,1965_chron
2208,51.41357403965537,2208_chron
1250,51.41816274319744,1250_chron2
1417,51.43116045774347,1417_chron
2683,51.440999055833466,2683_chron
321,51.44338063123263,321_chron
729,51.45381993965695,729_chron
2323,51.455492376598926,2323_chron2
2598,51.45657564607374,2598_chron2
2631,51.4753916709026,2631_chron
2362,51.49729011744378,2362_chron
2199,51.50035938364103,2199_chron2
1999,51.50480191039972,1999_chron2
995,51.53170235552324,995_chron
1633,51.534238161045735,1633_chron2
2284,51.539276407424424,2284_chron
1842,51.53944529744213,1842_chron
2320,51.54015188330615,2320_chron
2408,51.543662755342524,2408_chron2
126,51.55134051264771,126_chron
1536,51.55285510772321,1536_chron
2185,51.553869383659105,2185_chron
2344,51.558098257311045,2344_chron
2392,51.56951820265765,2392_chron
2342,51.571518082140415,2342_chron2
1456,51.586216542291645,1456_chron
1558,51.596252978532625,1558_chron
1415,51.600589658358174,1415_chron
1167,51.60268351999269,1167_chron2
2564,51.61284200481987,2564_chron
2656,51.616110336317334,2656_chron2
1642,51.618738170774805,1642_chron
2359,51.61943977193618,2359_chron2
1878,51.61981508819955,1878_chron
2652,51.6201659780027,2652_chron2
2543,51.62112850736549,2543_chron
2051,51.64037471886338,2051_chron
946,51.641728264209426,946_chron
1681,51.64569060089631,1681_chron
2136,51.6486669861548,2136_chron2
1322,51.651606507859,1322_chron
1755,51.654157769432224,1755_chron
2628,51.65646522570148,2628_chron2
2164,51.657076263309996,2164_chron2
1463,51.65975894411505,1463_chron
2551,51.67971227613881,2551_chron2
2390,51.684800706816496,2390_chron2
2547,51.70959753181525,2547_acute2
2406,51.71494843858594,2406_chron
1202,51.71962913814857,1202_chron
2705,51.72821483542896,2705_acute2
2143,51.73209317679192,2143_chron
2688,51.73890255079574,2688_acute2
1584,51.750809230687935,1584_chron2
2674,51.75415058803502,2674_acute2
602,51.75895698569119,602_chron
2066,51.76489759311764,2066_chron
1930,51.7890861547961,1930_chron
2132,51.789700777439755,2132_chron
2668,51.79546241157529,2668_chron2
1616,51.801032705680534,1616_chron
1026,51.80227860630196,1026_chron
1634,51.82262073927912,1634_chron
2720,51.8228913424742,2720_acute
1644,51.82431961231063,1644_chron
1603,51.84970256256729,1603_chron
2183,51.85300383765696,2183_chron
2728,51.858879130997146,2728_chron
1774,51.865837254160866,1774_chron
1859,51.88165860979705,1859_chron2
1604,51.88566323369239,1604_chron
2466,51.88571268446113,2466_chron2
2417,51.886165126048546,2417_chron2
2065,51.894281355775185,2065_chron2
2433,51.904771060420416,2433_acute2
2368,51.92356762942023,2368_chron
1787,51.935920545443835,1787_chron
1830,51.94096603757624,1830_chron
2648,51.947001541984136,2648_chron
2248,51.94901799519434,2248_chron
2548,51.95113300091658,2548_chron
2401,51.9586566118664,2401_chron2
1025,51.961471802468715,1025_chron
2827,51.98015125147123,2827_acute2
2319,51.986975150226954,2319_chron
1620,52.006826620076076,1620_chron
2210,52.01080988504313,2210_chron
1554,52.011594686404884,1554_chron
1918,52.01732178326326,1918_chron
1275,52.02061468129991,1275_chron
1295,52.022774108271975,1295_chron
2069,52.02372755782424,2069_chron
2043,52.02814169656318,2043_chron2
930,52.033908973743856,930_chron
959,52.034466704286665,959_chron
2110,52.0359517941256,2110_chron
1211,52.038415811339384,1211_chron
2468,52.03974791261108,2468_chron
2574,52.0400845133786,2574_chron2
2395,52.0444247161414,2395_chron
1765,52.04683660330546,1765_chron
2777,52.04837152102258,2777_acute
1695,52.06196003810495,1695_chron
1852,52.07435114123636,1852_chron
537,52.07653045741716,537_chron
1092,52.08061355624473,1092_chron
2780,52.0845266586462,2780_chron
1942,52.085853012331455,1942_chron
2585,52.105988414833746,2585_chron
2404,52.106160460500305,2404_chron
2461,52.109262061927964,2461_chron
2234,52.10974545451398,2234_chron
2407,52.115552151514876,2407_chron
2111,52.11569940021382,2111_chron
2345,52.12484951850173,2345_chron
1739,52.13461720126391,1739_chron
883,52.139888135407176,883_chron
1889,52.15955320285778,1889_chron
1104,52.16803925511941,1104_chron
1650,52.17618681267022,1650_chron
2079,52.17772098155194,2079_chron
695,52.178522826376586,695_chron2
2003,52.18641694138688,2003_chron
1893,52.18688961959705,1893_chron2
2483,52.193966060727426,2483_chron
2487,52.221838578922764,2487_chron2
848,52.22195498200954,848_chron
2765,52.237483736878566,2765_chron
1639,52.25020203531877,1639_chron
2679,52.25512343492841,2679_chron
2682,52.26314668254627,2682_chron
2265,52.276118259227076,2265_chron
741,52.28067334322586,741_chron
1006,52.28292845518792,1006_chron
1498,52.28365158200553,1498_chron
890,52.2855118974779,890_chron
2591,52.28587593425389,2591_chron2
2214,52.30341409261217,2214_chron
1515,52.30513193671043,1515_chron
1309,52.31463025153917,1309_chron2
2707,52.33322506483244,2707_chron
2690,52.34415280306295,2690_acute2
2477,52.345791900330035,2477_chron
733,52.350851447771426,733_chron
2809,52.364609461554934,2809_acute2
2597,52.371944439830585,2597_chron
2571,52.378084913899,2571_chron
2314,52.3870066212069,2314_chron2
2509,52.39374792958528,2509_chron
2424,52.4068933882489,2424_chron
2841,52.409600089065506,2841_chron2
1904,52.41939786456385,1904_chron2
1372,52.42518851443307,1372_chron
2915,52.426220453550556,2915_acute
2734,52.430472619775756,2734_chron
2002,52.43453618725327,2002_chron
2300,52.44334550198906,2300_chron
1097,52.4511248880167,1097_chron
1923,52.45579588286323,1923_chron
1371,52.45590700540119,1371_chron
2711,52.465411270176105,2711_chron
2286,52.46577871425919,2286_chron
851,52.47219603475137,851_chron
2671,52.47278430012748,2671_chron
2100,52.48858849561962,2100_chron
2186,52.49993307275939,2186_chron
2618,52.50501021148323,2618_chron
926,52.50567030094087,926_chron
2070,52.50598128956052,2070_chron
2130,52.507242023300265,2130_chron2
1924,52.513566516192064,1924_chron2
2191,52.53141937841345,2191_chron
563,52.5325815892422,563_chron
1963,52.53429597379789,1963_chron
2138,52.541534527126025,2138_chron
2460,52.546200647889584,2460_chron
2501,52.55146034973283,2501_chron
1936,52.558973025602356,1936_chron2
2232,52.576692941936344,2232_chron
2594,52.58102230676697,2594_chron
1945,52.59443901802621,1945_chron
1596,52.60334786025552,1596_chron2
569,52.60920738478459,569_chron
1108,52.625595069737415,1108_chron
2844,52.638169586831395,2844_chron2
1701,52.63925733549519,1701_chron
1641,52.640210149312814,1641_chron
1020,52.64711274510977,1020_chron
2004,52.65263077330461,2004_chron
1246,52.653861223556724,1246_chron
2512,52.654144089712496,2512_chron
2193,52.654601251682664,2193_chron
1668,52.65467546992031,1668_chron
2924,52.657116042363064,2924_chron2
2170,52.66071233727586,2170_chron
1357,52.66663606642537,1357_chron
2912,52.668987585173575,2912_acute2
452,52.690273743908485,452_chron
1728,52.69209720341696,1728_chron
2770,52.713347434982914,2770_chron2
1890,52.71529852013536,1890_chron
2171,52.71646323776163,2171_chron
1835,52.7199257212945,1835_chron
2903,52.72135174018501,2903_chron
1084,52.75260519842155,1084_chron
1046,52.770876914877796,1046_chron
2302,52.771063245520615,2302_chron
2590,52.77185892431184,2590_chron2
159,52.7751866133883,159_chron
854,52.78641914910603,854_chron
1993,52.800647715592774,1993_chron2
1638,52.80735427958346,1638_chron
2658,52.81033791576924,2658_chron
1909,52.810452277083584,1909_chron
2634,52.815181174456015,2634_chron
1411,52.826829128137554,1411_chron
936,52.82823531016436,936_chron
1511,52.83810590915476,1511_chron
2565,52.83961590466842,2565_chron
2519,52.84137485599042,2519_chron
2511,52.84484274064758,2511_chron2
1760,52.85347650456783,1760_chron
2678,52.85798498418533,2678_acute
2172,52.860022043655185,2172_chron
2702,52.87301651582875,2702_chron2
1308,52.87343855069114,1308_chron
2576,52.87446773352879,2576_chron
2480,52.878799638432106,2480_chron
2490,52.88420039689125,2490_chron2
2629,52.89447622854294,2629_chron
457,52.89780111436635,457_chron
1582,52.902744554301236,1582_chron2
627,52.90868909261952,627_chron
1691,52.90904205859659,1691_chron
2411,52.92670442850076,2411_chron
2743,52.93265340374879,2743_acute2
1254,52.93729161208573,1254_chron
1473,52.9375981020696,1473_chron
1743,52.952912592244715,1743_chron
1201,52.954247006478376,1201_chron
2379,52.95674080779844,2379_chron2
2482,52.964489241419066,2482_chron
2997,52.96627314182927,2997_chron
2122,52.97001519105047,2122_chron2
2871,52.97451171187114,2871_chron2
2740,52.977474343085085,2740_acute
2840,52.98172800031401,2840_chron
2782,52.98221832241516,2782_chron
1599,52.988964403583545,1599_chron2
2429,53.002354988078345,2429_chron2
894,53.00915154736946,894_chron
2899,53.010126184340685,2899_chron
2643,53.01330127206104,2643_chron
2476,53.03668421534774,2476_chron2
1779,53.041721596494476,1779_chron
968,53.0436910419074,968_chron
2386,53.045750902249495,2386_chron
1493,53.04734291236034,1493_chron
3076,53.04920944140497,3076_chron
2397,53.05400790387167,2397_chron
2761,53.07199509474385,2761_chron2
2452,53.08849054991315,2452_acute
1193,53.0885173302449,1193_chron
838,53.09359935467562,838_chron
1491,53.09833933753406,1491_chron
2994,53.10377024083174,2994_chron2
2107,53.10926542249638,2107_chron
2213,53.12760769473771,2213_chron
2555,53.14326084810505,2555_acute
2768,53.14369697634087,2768_chron2
2177,53.14447255344823,2177_chron
1480,53.160712178014364,1480_chron
2353,53.167543022749015,2353_chron
2531,53.17307087862465,2531_chron
2802,53.17728049338201,2802_chron2
1976,53.179613372840386,1976_chron2
2083,53.18968174213306,2083_chron
2848,53.22611135732977,2848_acute2
3043,53.23011471599205,3043_chron2
2426,53.23037865074184,2426_chron
1557,53.23123499926609,1557_chron
2817,53.241072973146444,2817_chron
2228,53.24805533031763,2228_chron
1146,53.25585247717741,1146_chron
1126,53.26085494749817,1126_chron
1834,53.26139075223295,1834_chron
2794,53.26662281970589,2794_chron
1896,53.286473694294486,1896_chron
2572,53.287429352520064,2572_chron2
2956,53.28744867511074,2956_chron
2292,53.294942828989484,2292_chron
1799,53.2949855377498,1799_chron
2592,53.29746238411878,2592_chron
1745,53.30478926507848,1745_chron
2030,53.31472549127562,2030_chron
386,53.337288566674935,386_chron
2510,53.33987763942142,2510_chron2
2849,53.34591519699979,2849_chron
3074,53.34619755979672,3074_acute2
1997,53.352256136358086,1997_chron
1847,53.35633173610488,1847_chron
2380,53.36548038295833,2380_chron
2184,53.37205590067733,2184_chron
2405,53.37220879831151,2405_chron
2400,53.375035978089116,2400_chron
2212,53.37643677930638,2212_chron
1960,53.377407064202124,1960_chron
2006,53.378590162503656,2006_chron
1832,53.37900583527136,1832_chron
1912,53.40061568040647,1912_chron
1439,53.40184579115535,1439_chron
1251,53.402017160469,1251_chron
2305,53.4033776236686,2305_chron2
1761,53.403667149057995,1761_chron
2578,53.417006690100436,2578_chron
2622,53.43384501964362,2622_chron2
1352,53.43664902384447,1352_chron
2034,53.437288145572815,2034_chron
2072,53.44200790130849,2072_chron
2904,53.447528217356165,2904_chron
2134,53.449036793659346,2134_chron
1328,53.45223990728865,1328_chron2
2458,53.46259016651425,2458_chron2
2667,53.46543793122815,2667_chron2
2195,53.46982019608959,2195_chron2
2219,53.47487460451875,2219_chron
2717,53.4775637865095,2717_chron
2838,53.47995245522476,2838_chron
2082,53.49263702961873,2082_chron
1165,53.50081090805387,1165_chron
1578,53.50286317224374,1578_chron
2533,53.51200875445488,2533_chron2
3124,53.51245610838848,3124_chron
2797,53.515388937545126,2797_chron2
1358,53.5184250083392,1358_chron
2272,53.519756740981386,2272_chron
3154,53.524300746056454,3154_acute2
1661,53.52527619205186,1661_chron
1995,53.53096994507131,1995_chron
2488,53.53956685249245,2488_chron
2796,53.540494366389886,2796_chron
1368,53.54286302436418,1368_chron
2126,53.54379791632597,2126_chron
2425,53.54509657358328,2425_chron
2864,53.54961433679988,2864_chron
2625,53.55054221154736,2625_chron2
1120,53.55495796391541,1120_chron
1733,53.55692187661314,1733_chron
2829,53.5580752153905,2829_chron2
2603,53.56118311114837,2603_chron2
1702,53.56141599678287,1702_chron
2370,53.56387099896157,2370_chron
2252,53.5749950416,2252_chron
1939,53.58095010131522,1939_chron
2647,53.588412025477936,2647_chron2
1874,53.6017292753092,1874_chron
2836,53.60216401909116,2836_chron
2880,53.60891192557343,2880_chron
2837,53.6236029581821,2837_chron
897,53.626066964761925,897_chron
3000,53.62748919601509,3000_chron2
2035,53.63242567484407,2035_chron2
2726,53.63250731170535,2726_chron
2846,53.66076804106349,2846_chron
1016,53.66333121759691,1016_chron
760,53.67610902754384,760_chron
2331,53.67779573809737,2331_chron
2750,53.681664868643715,2750_chron
2444,53.68260653086265,2444_chron
3113,53.69655971011754,3113_chron
1340,53.70656903177559,1340_chron
3144,53.70910634586744,3144_acute2
1694,53.71447223553234,1694_chron
1569,53.715165527323755,1569_chron
2502,53.71708877939232,2502_chron2
2241,53.722089501913324,2241_chron
1406,53.73282513610617,1406_chron2
540,53.735061550974876,540_chron
1705,53.73770999567974,1705_chron
2580,53.76595328667276,2580_chron
2173,53.76957444040847,2173_chron
2855,53.77589324498559,2855_chron
1957,53.7825575962604,1957_chron
2771,53.79834908704799,2771_chron
901,53.80220297647342,901_chron
1573,53.807795393072155,1573_chron
1699,53.81146201723319,1699_chron
1961,53.81198978972348,1961_chron
2247,53.84301895199991,2247_chron
2382,53.84811407794557,2382_chron
2577,53.84837780098236,2577_chron
1937,53.85741770483983,1937_chron2
1404,53.8615540873607,1404_chron
2434,53.86412239671762,2434_chron
1267,53.8786524082574,1267_chron
2900,53.880165779344374,2900_chron
963,53.880183039498874,963_chron
2605,53.88623292039902,2605_chron
2909,53.891125274366836,2909_chron
574,53.89144698278189,574_chron
2687,53.90727957813373,2687_chron
1566,53.909978786949054,1566_chron
2845,53.92174484172076,2845_chron2
1687,53.924123917161275,1687_chron
599,53.93744380531024,599_chron
2507,53.938333864993744,2507_chron
2478,53.945991020351855,2478_chron
2821,53.9602705951816,2821_chron
1382,53.96773119067084,1382_chron
1897,53.978612741135194,1897_chron2
2691,53.98660576867926,2691_chron
1698,53.994629993158355,1698_chron
2803,53.99984650778023,2803_chron2
1849,54.00828467067431,1849_chron
1844,54.02191887142981,1844_chron
1047,54.02320417855846,1047_chron
2000,54.030521545980974,2000_chron
2103,54.035632673838236,2103_chron
2442,54.058990690929384,2442_chron
1225,54.05965457774863,1225_chron
3256,54.059949103412094,3256_chron
1980,54.067370844744175,1980_chron
846,54.07040013948843,846_chron
2550,54.07172407340209,2550_chron
2385,54.080481207729235,2385_chron2
1901,54.0814346429342,1901_chron
3196,54.08379607633919,3196_chron
1282,54.090969674857256,1282_chron
867,54.09370158562829,867_chron
3250,54.09488333125645,3250_chron
3263,54.11740324114153,3263_acute2
1812,54.123053987105415,1812_chron
2894,54.12761279862291,2894_chron2
2182,54.13509767792595,2182_chron
1437,54.14564866868639,1437_chron
2202,54.147292349093405,2202_chron2
1856,54.15803013944954,1856_chron
2224,54.15927829706675,2224_chron
2568,54.163175527825516,2568_chron2
2808,54.17365416578321,2808_chron2
2496,54.176116296078305,2496_chron
1276,54.18006599310796,1276_chron
2229,54.18356180964598,2229_chron2
922,54.187106030058175,922_chron
2857,54.197106126017594,2857_chron
1679,54.210216463297385,1679_chron2
1686,54.211886121578445,1686_chron
1734,54.21938756354104,1734_chron
1962,54.22303453798926,1962_chron
2731,54.2363176535868,2731_chron
1131,54.247389503228334,1131_chron
3343,54.253694497466654,3343_acute
2742,54.257374989735844,2742_acute
2596,54.26024808860096,2596_chron2
2524,54.26154826896841,2524_chron
3068,54.276704533262226,3068_chron
958,54.28736169948954,958_chron
2787,54.293811267711334,2787_chron
3149,54.29439485883338,3149_chron2
2350,54.29642941643095,2350_chron2
2014,54.29974184403365,2014_chron2
2528,54.30780948012073,2528_chron2
2020,54.31686035552071,2020_chron
1907,54.32790457359327,1907_chron
2033,54.331490555747386,2033_chron
2366,54.333981416471495,2366_chron
2418,54.33576268511672,2418_chron
2766,54.34030486707735,2766_chron
2526,54.346422937457426,2526_chron
2941,54.36991263168977,2941_chron2
1660,54.375520317648544,1660_chron
1837,54.38430462700062,1837_chron
1780,54.38675694658715,1780_chron
2828,54.389519949096105,2828_chron2
2439,54.391739882885346,2439_chron2
3389,54.39448639118608,3389_acute
2781,54.404081241031164,2781_chron
2554,54.40998713221318,2554_chron2
3199,54.41006068366756,3199_chron2
2639,54.41922432508398,2639_chron
3312,54.42453355901198,3312_chron2
2662,54.436847000260755,2662_chron2
2398,54.43989838268303,2398_chron2
3129,54.446464035231905,3129_chron
1606,54.44805464618834,1606_chron
2831,54.449363140380775,2831_chron
2617,54.44954967770517,2617_chron
1431,54.45095204057154,1431_chron
2189,54.45932280613907,2189_chron
2793,54.46441531492541,2793_chron
3336,54.46604637567511,3336_acute2
3260,54.477069531338095,3260_chron
1495,54.4797556980463,1495_chron2
3337,54.489761799716156,3337_chron2
1568,54.49313335699294,1568_chron
3157,54.50160569443892,3157_chron
2927,54.509109327124314,2927_chron
2113,54.517952380093014,2113_chron
2998,54.51964599158773,2998_chron2
3021,54.53558955853032,3021_chron2
2194,54.53704935043936,2194_chron
3008,54.539084856314695,3008_chron
1985,54.54017846300311,1985_chron
1585,54.54749366745548,1585_chron
3191,54.549480365220305,3191_chron2
266,54.55370040844181,266_chron
456,54.55604880530857,456_chron
2150,54.55888062754752,2150_chron
2005,54.56103559045917,2005_chron
1263,54.562808900283834,1263_chron
2036,54.58361979444432,2036_chron
3090,54.59349398896328,3090_chron
1778,54.59666425197357,1778_chron
2989,54.59743068752423,2989_chron2
2786,54.602459962953745,2786_chron
1617,54.60442523754321,1617_chron
1019,54.608900832046494,1019_chron
1454,54.613813668723914,1454_chron
2928,54.61688496917926,2928_chron
2867,54.61952403941508,2867_chron
2936,54.62065446059623,2936_chron
2013,54.63170265586914,2013_chron
1425,54.66019284509871,1425_chron2
2259,54.660538515351774,2259_chron
2699,54.66268152638449,2699_chron
2299,54.66523616365391,2299_chron2
2772,54.66982454375786,2772_chron
3142,54.671413745062054,3142_chron
2102,54.68048797815062,2102_chron
3346,54.69808039216217,3346_chron
2523,54.70312875553318,2523_chron2
2785,54.722175154319466,2785_chron
2447,54.72697797199932,2447_chron2
893,54.72849943224488,893_chron
3118,54.744061804807906,3118_chron
2882,54.74469600432848,2882_chron2
2303,54.7495912206541,2303_chron2
2566,54.755877792771294,2566_chron
1049,54.75870685925031,1049_chron
1990,54.761332286509024,1990_chron
954,54.77314294454175,954_chron
1951,54.78851332131461,1951_chron
2355,54.79549411838193,2355_chron
2522,54.79730398428026,2522_chron
2372,54.79883701482287,2372_chron2
603,54.80107953877443,603_chron
2119,54.801516378469515,2119_chron
358,54.80292704083152,358_chron
2716,54.80916366602985,2716_chron
2074,54.81681304697302,2074_chron
1116,54.81993610987177,1116_chron
1611,54.82107093038981,1611_chron
2610,54.83045106883993,2610_chron
3267,54.833704159344315,3267_chron2
2823,54.86318849236168,2823_chron
1732,54.87285890718842,1732_chron2
2980,54.8825458818241,2980_chron
2860,54.883219894639126,2860_chron2
1325,54.89080982312191,1325_chron
2306,54.90614558261577,2306_chron
3432,54.91549502469174,3432_chron2
3434,54.917149054793654,3434_acute
2950,54.921232253676294,2950_chron
2180,54.92230852935373,2180_chron
3369,54.92370087753026,3369_chron2
1703,54.92740516327728,1703_chron2
3241,54.92763332305524,3241_chron2
3214,54.93215334419928,3214_chron
3025,54.9392858704972,3025_chron2
3036,54.95166168946513,3036_chron2
2948,54.95330324176952,2948_chron2
2784,54.97566639626272,2784_chron
1128,54.98948124995978,1128_chron
2798,54.99237551766874,2798_chron
2394,54.996294083136526,2394_chron
3331,54.99698798548637,3331_chron
3071,54.99751922459661,3071_chron
3178,55.0032010505943,3178_acute2
1076,55.01469187157736,1076_chron
2151,55.022464393434504,2151_chron2
2198,55.02359034669565,2198_chron
1230,55.02637425034349,1230_chron
1933,55.02726171648108,1933_chron
2423,55.027328783362115,2423_chron2
2098,55.03333903329815,2098_chron2
2262,55.04566275951643,2262_chron
2826,55.050531670880325,2826_chron2
2651,55.05489357924566,2651_chron
2747,55.05595584266783,2747_chron
3362,55.06089387429947,3362_chron2
2874,55.068293198118276,2874_chron2
573,55.07471929197668,573_chron
3504,55.07936345322165,3504_chron2
3015,55.08509588811,3015_chron2
2712,55.095099897911204,2712_chron2
3112,55.122111554371045,3112_chron2
1205,55.124275861386664,1205_chron
3210,55.12544947483325,3210_acute2
2010,55.13665271365659,2010_chron
1335,55.13981968235283,1335_chron
498,55.14127509035985,498_chron
2075,55.141312958261814,2075_chron
1851,55.14390247291394,1851_chron
2092,55.14591377706471,2092_chron
748,55.1489510263312,748_chron
1971,55.15273854673128,1971_chron
2988,55.17492216248583,2988_chron
3351,55.18101306812914,3351_chron2
3106,55.199471939018295,3106_chron2
3082,55.21761649814294,3082_chron
3079,55.218209874718916,3079_chron2
3102,55.21915434190751,3102_chron2
3282,55.22965438273915,3282_chron2
2744,55.23366581828929,2744_chron
814,55.235138965814414,814_chron
3194,55.238377849021944,3194_chron2
1009,55.238782445168,1009_chron
2349,55.24187732824194,2349_chron
3355,55.24951611670093,3355_acute
2872,55.25063656236689,2872_chron2
3064,55.253222333738776,3064_chron2
455,55.267802418617855,455_chron
3456,55.26870148360635,3456_acute
2769,55.27420868394184,2769_chron
1508,55.27681035820778,1508_chron
2933,55.27791259113056,2933_chron2
2967,55.2786885469855,2967_chron2
3066,55.28255415583633,3066_chron
1763,55.28477751248628,1763_chron
3310,55.29015638314649,3310_chron2
2737,55.29157372472828,2737_chron2
3287,55.302468378060546,3287_chron
3091,55.31407656793413,3091_chron
2491,55.315587740097044,2491_chron
2686,55.319775955464,2686_chron
3143,55.32482465702922,3143_chron
3024,55.33093022524467,3024_chron
3016,55.33273761557544,3016_chron2
1429,55.33917737472142,1429_chron
2503,55.34123106661542,2503_chron
2666,55.34340036081377,2666_chron
2166,55.34445763671372,2166_chron
2415,55.35271998086606,2415_chron2
2800,55.35334814560015,2800_chron
756,55.353566724526125,756_chron
2360,55.35486411116006,2360_chron2
2858,55.355411195519224,2858_chron
1347,55.35673203417459,1347_chron
2457,55.35980937501694,2457_chron
2178,55.369841228681786,2178_chron
1317,55.37085766674128,1317_chron
1291,55.38554764741366,1291_chron
2583,55.400137520639156,2583_chron
1258,55.4079571717385,1258_chron
2155,55.409134625779714,2155_chron
2540,55.421203645716844,2540_chron2
1059,55.434651444440874,1059_chron
1608,55.43479183000317,1608_chron
1809,55.452751691584034,1809_chron
1163,55.45695372081191,1163_chron
2660,55.46425264090726,2660_chron
1619,55.464597741470875,1619_chron
3130,55.46513367482987,3130_chron
2157,55.469428923621834,2157_chron
2308,55.47297044796727,2308_chron
2971,55.50776614818282,2971_chron2
2048,55.51360886450918,2048_chron
2807,55.515964614643806,2807_chron2
2559,55.51683182829214,2559_chron
2709,55.51866047288756,2709_chron2
2430,55.51934138547346,2430_chron
2913,55.52158166913023,2913_chron
2992,55.52294732951135,2992_chron2
2659,55.53209977763469,2659_chron
2676,55.53248201938393,2676_chron2
2738,55.53484098418756,2738_chron2
1658,55.53485687395552,1658_chron2
1875,55.5353301793854,1875_chron
2438,55.548997100064575,2438_chron
3443,55.550434889569324,3443_chron2
3004,55.56034481717363,3004_chron2
2824,55.56048626646069,2824_chron
3213,55.56563805784021,3213_chron2
2887,55.57288752852656,2887_chron2
2918,55.573905923715515,2918_chron2
2922,55.5779124027912,2922_chron2
2517,55.57982334269429,2517_chron
793,55.58112609395373,793_chron
840,55.58746582679229,840_chron
2925,55.59829052811477,2925_chron2
2227,55.6063237385424,2227_chron2
3116,55.61080669923893,3116_chron
2354,55.6246049638315,2354_chron
3133,55.64194314844801,3133_chron2
3211,55.64691674553212,3211_chron
3189,55.65025691343579,3189_chron
3482,55.665335850944,3482_chron2
3529,55.67292534961578,3529_chron
3236,55.67432378394232,3236_chron
3168,55.678118344498095,3168_chron
3515,55.680288363910684,3515_chron2
1095,55.694322068389674,1095_chron
2435,55.69751157590954,2435_chron
1870,55.703458111753875,1870_chron
3053,55.70381980706607,3053_chron
2862,55.70554333400052,2862_chron2
1190,55.71617900592348,1190_chron
1908,55.71988379688796,1908_chron
1589,55.72441837929317,1589_chron
708,55.736090593416115,708_chron
2902,55.73684377612454,2902_chron
2383,55.74194316109837,2383_chron
3380,55.742559826385516,3380_acute
3332,55.75070622814886,3332_chron
3279,55.75203282635515,3279_chron2
3216,55.76294139261788,3216_chron2
1252,55.77494762058618,1252_chron
1299,55.7787329038949,1299_chron
2706,55.78819237712876,2706_chron2
1094,55.795556044008954,1094_chron
3406,55.797102488158956,3406_acute
1221,55.799538989402826,1221_chron
3618,55.803479963441134,3618_chron
2494,55.8053617080459,2494_chron2
3396,55.80637687766462,3396_chron2
1547,55.81885516319045,1547_chron
3035,55.81960494099668,3035_chron2
2758,55.82355162020878,2758_chron
2225,55.82545714707392,2225_chron
2326,55.827936587033136,2326_chron
3046,55.830700344738766,3046_chron
2432,55.83160732655307,2432_chron
3010,55.84202614039108,3010_chron
1791,55.84626550030174,1791_chron
3018,55.86637083838549,3018_chron
3286,55.867129446205496,3286_chron2
3572,55.86776524465139,3572_acute
1580,55.87180495040861,1580_chron
1784,55.87235478081077,1784_chron
2060,55.87450874891794,2060_chron
2854,55.87536596133496,2854_chron
3313,55.87559397117818,3313_chron
2888,55.879521217922765,2888_chron2
800,55.88337225771383,800_chron
2920,55.886959591565784,2920_chron
2021,55.894497250435336,2021_chron
2152,55.89865360217598,2152_chron
2416,55.91037810127385,2416_chron
2258,55.9156330227238,2258_chron2
2834,55.91621666905149,2834_chron2
3398,55.92966046117737,3398_chron
1891,55.939876111199,1891_chron
2454,55.94167542083561,2454_chron
1943,55.94209911025174,1943_chron
1621,55.94672961217041,1621_chron
612,55.947904814957035,612_chron
3084,55.94978443040263,3084_chron
2624,55.95432472613529,2624_chron2
2084,55.96165891534427,2084_chron
3251,55.964938172084935,3251_chron2
3305,55.97734010272492,3305_chron
2007,55.97799962391511,2007_chron
3147,55.97853934561127,3147_chron2
1266,55.985731109680366,1266_chron
2144,55.9887402231102,2144_chron
3306,55.989381162094354,3306_chron
3187,56.00094255509392,3187_chron2
2399,56.00150914603315,2399_chron
3710,56.001591812099605,3710_acute
2970,56.003662156233865,2970_chron2
2951,56.009877821692534,2951_chron
3115,56.011681402739924,3115_chron
1931,56.01243163445704,1931_chron
3173,56.020786977065185,3173_chron2
1713,56.02992833775776,1713_chron
3635,56.03504746958188,3635_chron2
2573,56.0436120480281,2573_chron
1898,56.04676055023678,1898_chron
1342,56.049129690091114,1342_chron
2018,56.051601655509224,2018_chron
3612,56.05166741831342,3612_chron
2240,56.06462179873569,2240_chron
3170,56.07345341223744,3170_chron
1407,56.0755497963769,1407_chron
1323,56.07900392135117,1323_chron
1964,56.08381191739638,1964_chron
3225,56.09488009617235,3225_acute
3376,56.10006054047809,3376_chron
2604,56.109232815547145,2604_chron
1219,56.11122558717312,1219_chron
3298,56.11192149648758,3298_chron
900,56.113750321100596,900_chron
2630,56.12381869578619,2630_chron2
3166,56.133266500072516,3166_chron
2081,56.1465296140285,2081_chron
3444,56.15093960637827,3444_chron
2911,56.158197132882805,2911_chron
2814,56.16086858783559,2814_chron2
3652,56.16509693934519,3652_chron
1464,56.180102548673496,1464_chron
3162,56.183401648251404,3162_chron
2329,56.19918763116988,2329_chron
2946,56.20124425165586,2946_chron
3185,56.202437336442586,3185_chron
2101,56.202812772911415,2101_chron
3386,56.223890992165344,3386_chron2
3097,56.23219341753585,3097_chron
738,56.24592606187945,738_chron
1949,56.253379441675975,1949_chron
668,56.25440093876401,668_chron
2878,56.2576629569371,2878_chron
2283,56.25851990151411,2283_chron
1974,56.263406787209384,1974_chron
3350,56.26667728206543,3350_chron2
2655,56.270017557162305,2655_chron
3195,56.270268133052895,3195_chron2
3788,56.270328802546814,3788_acute2
3801,56.28026648790781,3801_acute
1754,56.28295857119057,1754_chron
3078,56.29627160992014,3078_chron2
2623,56.303015037541186,2623_chron
2255,56.30967044120842,2255_chron
3272,56.3137564017373,3272_chron
1234,56.314159677370455,1234_chron
2942,56.320441222953605,2942_chron
2842,56.325994572528565,2842_chron
2203,56.34657584942301,2203_chron
3188,56.361933555797755,3188_chron
2377,56.36532637514352,2377_chron2
2636,56.36939791586707,2636_chron
3603,56.36999610939063,3603_chron
3385,56.3726347450794,3385_chron2
2739,56.376856383483094,2739_chron2
3419,56.378918212310445,3419_chron2
2937,56.38081319574506,2937_chron
2792,56.38127091207426,2792_chron
2087,56.39891906434896,2087_chron
2959,56.40043563263532,2959_chron2
1715,56.41674541999525,1715_chron
3382,56.427481078168505,3382_chron
2685,56.428465826145704,2685_chron2
2866,56.439088386836985,2866_chron
2017,56.440505051406,2017_chron2
3756,56.44129078172561,3756_chron
3221,56.447298428263956,3221_chron
1243,56.44921650818787,1243_chron
2673,56.449484420241305,2673_chron
1506,56.44995078966081,1506_chron
2582,56.45239564331565,2582_chron
1672,56.457021372356316,1672_chron
2646,56.46162527854707,2646_chron
3693,56.46878909044517,3693_chron
2856,56.47186451634176,2856_chron
2396,56.47207726913603,2396_chron
3508,56.47343755619288,3508_chron
3421,56.4753125295296,3421_chron2
2296,56.48135615693533,2296_chron
2267,56.4825911503667,2267_chron
1510,56.49648160100947,1510_chron
3695,56.496998630937846,3695_chron
3478,56.50725430728177,3478_chron2
3338,56.516577547097455,3338_chron
2873,56.516743879233104,2873_chron2
1214,56.52257223016324,1214_chron
2588,56.525882693959915,2588_chron
1560,56.52853304794597,1560_chron
3571,56.55757055082359,3571_chron
2932,56.55835751583501,2932_chron2
2546,56.55970833309092,2546_chron
1080,56.5599552675139,1080_chron
1458,56.568908487088706,1458_chron
3361,56.577962598807794,3361_chron2
2384,56.58058823907958,2384_chron
3858,56.58162886032139,3858_chron2
1039,56.59024491198488,1039_chron
3800,56.598417465993705,3800_chron
1978,56.60050586030646,1978_chron
1168,56.60074429224995,1168_chron
1648,56.6057921624543,1648_chron
1751,56.608148152636474,1751_chron
3777,56.61849572047186,3777_chron2
2500,56.631946493305165,2500_chron
2121,56.63495898516604,2121_chron
1542,56.63970894624667,1542_chron
2090,56.66616161289972,2090_chron
3557,56.67322190017567,3557_chron2
3721,56.675504033693834,3721_acute
3405,56.676598966765816,3405_chron2
987,56.67846490998135,987_chron
2727,56.6840596972869,2727_chron2
1091,56.69681820079521,1091_chron
2563,56.70444619921396,2563_chron2
2916,56.70566645762413,2916_chron
2520,56.708184743470326,2520_chron
1575,56.7143592759259,1575_chron
3433,56.72162805370696,3433_acute2
3063,56.72335052928241,3063_chron
2812,56.726081557278164,2812_chron2
3501,56.72912538815464,3501_chron
2078,56.73300251113239,2078_chron
989,56.73447782919282,989_chron
3483,56.74462429003589,3483_chron
1277,56.74690744571817,1277_chron
2154,56.7516709686114,2154_chron
2982,56.75925409822697,2982_chron
3548,56.765536611310345,3548_chron
2256,56.76910305311547,2256_chron2
1829,56.76970269215484,1829_chron
3784,56.77075243264175,3784_chron
1988,56.77232843920562,1988_chron
3657,56.78449176532306,3657_chron
1862,56.78520286838375,1862_chron2
3032,56.78877727274008,3032_chron
3204,56.79278089820443,3204_chron2
1255,56.79497743213605,1255_chron
3610,56.79548919071257,3610_chron2
2271,56.80804414283136,2271_chron
3536,56.829138775574386,3536_chron
3474,56.83859061106391,3474_chron
1339,56.83893474340052,1339_chron
2895,56.85073660104524,2895_chron
2552,56.85899796217329,2552_chron
2650,56.881459970700654,2650_chron
3075,56.88532054547491,3075_chron
1534,56.88560609034197,1534_chron
3255,56.8938705896886,3255_chron
3339,56.895954946007784,3339_chron2
2926,56.897897976263245,2926_chron
1776,56.898753778960526,1776_chron
2057,56.909674675633845,2057_chron
3716,56.91791537940423,3716_chron
2790,56.92746991982019,2790_chron
1807,56.92880005487656,1807_chron
2595,56.93439241938042,2595_chron
3325,56.94009948078543,3325_chron
3524,56.94255804368765,3524_chron
3437,56.953773363116824,3437_chron
3816,56.9577328603289,3816_acute
3553,56.96022788006089,3553_chron
2201,56.96103041144063,2201_chron
2321,56.9669890746023,2321_chron
2389,56.96727439016618,2389_chron
3072,56.969008277448346,3072_chron
2965,56.97478567803045,2965_chron
3834,56.975582564514085,3834_chron
1738,56.975737166725054,1738_chron
2979,56.98471238380571,2979_chron
3248,56.99328141024742,3248_chron2
3372,57.00898186003515,3372_chron
1546,57.016842308576535,1546_chron
1678,57.02552247638969,1678_chron
3253,57.02971488425361,3253_chron
2236,57.032090775090815,2236_chron
1741,57.03399386203393,1741_chron
3289,57.033997415627745,3289_chron
350,57.0382651255628,350_chron
2919,57.04230642247819,2919_chron2
807,57.04527642301386,807_chron
3244,57.046322057597294,3244_chron
2179,57.04853229824002,2179_chron
3861,57.05783163337435,3861_chron2
3649,57.0716625993898,3649_chron
384,57.07200481777186,384_chron
1499,57.07334374305424,1499_chron
2640,57.075974580735,2640_chron
2637,57.07733957492329,2637_chron2
2929,57.07943100165061,2929_chron
3626,57.0809519967661,3626_chron
3300,57.0954094852257,3300_chron2
3661,57.11067121628299,3661_acute
1758,57.11488339007127,1758_chron
3311,57.13278927890654,3311_chron
3705,57.14132908407285,3705_chron2
3276,57.141982718668025,3276_chron
2910,57.14236085016323,2910_chron
3768,57.144729337103094,3768_chron2
3962,57.155926141556186,3962_acute2
3468,57.1562337070578,3468_chron2
2693,57.163049604261396,2693_chron
2560,57.164757136950364,2560_chron2
2420,57.172087209419864,2420_chron
2054,57.174766979748384,2054_chron
2449,57.18413785739745,2449_chron
3748,57.19505553912343,3748_chron2
1450,57.1972376522494,1450_chron
2906,57.2083913839761,2906_chron2
3602,57.217543936839576,3602_chron2
3597,57.22221250746768,3597_chron2
1747,57.24127708683676,1747_chron
3823,57.24483003500941,3823_chron
3448,57.2448766442897,3448_chron2
1853,57.25100371622771,1853_chron
3782,57.2541315054304,3782_chron2
1979,57.25420767330045,1979_chron
3257,57.257352414071335,3257_chron
2516,57.25912099825293,2516_chron2
3959,57.263626999794376,3959_acute2
3892,57.26905391425978,3892_acute
3394,57.27552228093519,3394_chron2
3212,57.28105238211151,3212_chron
1808,57.29550534288149,1808_chron
2515,57.30256302687686,2515_chron
2243,57.3119265873041,2243_chron
4016,57.31285695711346,4016_acute
2960,57.316431188754606,2960_chron
3898,57.32722195421882,3898_chron2
3746,57.32739168571621,3746_chron2
2029,57.3344122800887,2029_chron
1767,57.35038838786714,1767_chron
3048,57.35536964377693,3048_chron2
3377,57.35896076135078,3377_chron
3442,57.35911730520396,3442_chron
584,57.373021241415735,584_chron
3556,57.37384820333868,3556_chron2
3918,57.37870520770615,3918_chron
3085,57.37972348289146,3085_chron
3565,57.38063389797166,3565_chron
2275,57.38276387315809,2275_chron
3427,57.38338911198462,3427_chron2
3065,57.395878109247306,3065_chron
2260,57.39999835645629,2260_chron
2697,57.419045402748736,2697_chron
3512,57.42510121542863,3512_chron
3688,57.43502505543848,3688_chron
577,57.44133127281874,577_chron
2835,57.44185332351062,2835_chron
2402,57.44767833586469,2402_chron
1008,57.455966984277964,1008_chron
3218,57.463850705510666,3218_chron
3629,57.47113579376138,3629_chron2
3367,57.47343772743858,3367_chron
3492,57.48367278796244,3492_chron
2839,57.48571813842058,2839_chron
2672,57.486385571905785,2672_chron
1593,57.4888641772098,1593_chron
3284,57.4966513687912,3284_chron2
1572,57.499860165990604,1572_chron
3940,57.501646800133365,3940_chron2
2774,57.50478813660274,2774_chron
2506,57.51038743036461,2506_chron
2885,57.52872426385189,2885_chron2
3229,57.54201394453688,3229_chron
1576,57.545227260878406,1576_chron
3644,57.54828787249356,3644_chron
3731,57.55570625553115,3731_chron
2735,57.572446787962626,2735_chron
2830,57.57339711344879,2830_chron
3234,57.57369492339072,3234_chron
3503,57.59212774570965,3503_chron
3477,57.593861447990804,3477_chron
3677,57.59998746131877,3677_chron
2718,57.60026594313009,2718_chron2
3835,57.6111203461772,3835_chron
3378,57.613284482095175,3378_chron
3151,57.61993837966956,3151_chron
3489,57.629581587972645,3489_chron
3671,57.640034860583576,3671_chron2
3321,57.640974691869474,3321_chron
2141,57.644084233702635,2141_chron
3319,57.650510205070844,3319_chron
3470,57.66058626391709,3470_chron
3283,57.66577257258332,3283_chron
2484,57.667292066539446,2484_chron
3086,57.66760638703545,3086_chron
2393,57.66811190702455,2393_chron
2722,57.6690718231495,2722_chron
3175,57.669480130771944,3175_chron
1115,57.675902244134434,1115_chron
3737,57.6759367980934,3737_chron
1769,57.69035191904038,1769_chron
3029,57.69607228151848,3029_chron
3803,57.70095581718549,3803_chron2
1555,57.71489890499743,1555_chron
2977,57.715693355044955,2977_chron
2725,57.716194669479684,2725_chron
3475,57.72235556722408,3475_chron2
3678,57.72453555375175,3678_chron
3295,57.724992180940305,3295_chron
3575,57.7279114330119,3575_chron2
2730,57.73349062018444,2730_chron2
3055,57.735744416303035,3055_chron2
3580,57.73710643901038,3580_chron2
3288,57.738044012850736,3288_chron2
3418,57.74054438109437,3418_chron2
3146,57.74296791623364,3146_chron
3497,57.74859158624138,3497_chron
2381,57.76239404587164,2381_chron
3592,57.76772617874836,3592_chron
3314,57.77146425565971,3314_chron
1259,57.77890626990836,1259_chron
3978,57.7789636930878,3978_acute2
4122,57.784022342161606,4122_acute
3666,57.79362116568155,3666_chron2
1881,57.79429197730579,1881_chron
839,57.808901562694906,839_chron
3363,57.809533399378964,3363_acute2
3258,57.81579957400814,3258_chron2
1653,57.817596313346165,1653_chron2
4029,57.82973147018837,4029_chron
1730,57.833501675354576,1730_chron
2105,57.8499002068229,2105_chron2
3766,57.85370497191548,3766_chron
2763,57.85590488788321,2763_chron
2600,57.867914548665624,2600_chron
1857,57.869954559061654,1857_chron
3673,57.8701690902194,3673_chron2
3326,57.87224084656728,3326_chron
2205,57.872508697927806,2205_chron
3014,57.87756793701956,3014_chron
2665,57.88281284431236,2665_chron
1612,57.88333849489699,1612_chron
4023,57.88345537843876,4023_chron
3100,57.88580353829767,3100_chron
3215,57.89104960146291,3215_chron
1451,57.89182635953185,1451_chron
3150,57.898135690326946,3150_chron
3122,57.90882026540194,3122_chron
3459,57.92388372810002,3459_chron
2791,57.92423556848879,2791_chron
4105,57.92679645823074,4105_chron
2886,57.93181339994095,2886_chron
3027,57.9341692712636,3027_chron
1598,57.93838820052696,1598_chron
2923,57.94735310562627,2923_chron
2983,57.95207366028492,2983_chron
3949,57.957038035834714,3949_chron
1564,57.962243761840604,1564_chron
714,57.96436133288715,714_chron
3454,57.965594669543734,3454_chron
1815,57.967475399172336,1815_chron
1192,57.97275261245677,1192_chron
3518,57.97483972921862,3518_chron
3317,57.97617741049833,3317_chron
3722,57.97729424046138,3722_chron
981,57.97779711467513,981_chron
3176,57.99287318729655,3176_chron2
4123,57.99411765417153,4123_chron2
3416,57.99592686636649,3416_chron
2115,58.003354153921876,2115_chron
3981,58.009210362282616,3981_chron
2884,58.01202617357646,2884_chron
2192,58.0131131708019,2192_chron
3519,58.01598003848005,3519_chron
3527,58.0197659360004,3527_chron
3057,58.02139296701504,3057_chron
4003,58.02555762072825,4003_acute
3683,58.03170908952515,3683_chron
3371,58.03500227365203,3371_chron2
2269,58.03706194641534,2269_chron
3781,58.042204359204774,3781_chron
3587,58.061970999169354,3587_chron2
3137,58.06390526591267,3137_chron
2011,58.0640349930204,2011_chron
2633,58.06460188351743,2633_chron
1773,58.0717608190686,1773_chron
4170,58.07711586203634,4170_chron2
3711,58.08375641083959,3711_chron
3689,58.090872065255596,3689_chron
2539,58.10014692163515,2539_chron2
3125,58.10251572285568,3125_chron
3632,58.10587065364644,3632_chron2
4022,58.108114191278936,4022_acute2
2973,58.10861329229167,2973_chron
2222,58.12524746581863,2222_chron
3410,58.125710403508364,3410_chron
2471,58.14821126670434,2471_chron
3946,58.16182768881432,3946_chron2
1848,58.163334891475216,1848_chron
3614,58.16859528068011,3614_chron2
4045,58.180501008261196,4045_chron2
2715,58.1869806120467,2715_chron
2332,58.192444059030244,2332_chron
2944,58.19368853477282,2944_chron
383,58.19434906681931,383_chron
3167,58.20640889141556,3167_chron
3824,58.214057488144455,3824_chron2
3353,58.214172624205695,3353_chron
3400,58.21451403620429,3400_chron2
734,58.21481983917369,734_chron
4196,58.218557819381374,4196_chron
3903,58.22302738394398,3903_chron
3838,58.22634286634575,3838_acute
2689,58.23355084474355,2689_chron
3134,58.23609909579898,3134_chron
1238,58.239858132733104,1238_chron
2376,58.2431458988324,2376_chron
1384,58.24602222893079,1384_chron
3613,58.24902986295921,3613_chron
3342,58.25225975888454,3342_chron2
3547,58.257336086076805,3547_chron
2789,58.25873138481787,2789_chron2
1867,58.26474700102082,1867_chron
2249,58.26490531343917,2249_chron
758,58.29174247010541,758_chron
3080,58.29464004737489,3080_chron
3301,58.29665822268976,3301_chron
899,58.29866481332443,899_chron
1517,58.30985115849279,1517_chron
2156,58.31785767387368,2156_chron
3611,58.318426528219746,3611_chron
2486,58.32045724740333,2486_chron
3297,58.33812734997437,3297_chron
3431,58.34073579652984,3431_chron
3997,58.34113532771888,3997_chron2
1671,58.341479957900674,1671_chron
1355,58.34150536110618,1355_chron
3795,58.342809280975615,3795_chron2
2162,58.34399414201776,2162_chron
4117,58.346338664511826,4117_chron2
4085,58.35244521820834,4085_chron
3728,58.35882505990944,3728_chron
3177,58.35990015947536,3177_chron
2719,58.36509946619378,2719_chron
2024,58.367365731105394,2024_chron2
4080,58.3704238670232,4080_chron2
2125,58.3753778859534,2125_chron
3087,58.37694839074808,3087_chron
3073,58.38624791183128,3073_chron
3233,58.38646285993395,3233_chron
3943,58.38780130959081,3943_chron2
2414,58.3934314213406,2414_chron
3520,58.40032413913698,3520_chron2
4210,58.4109724437556,4210_chron
4184,58.42313116810337,4184_acute
4011,58.43772937550197,4011_chron2
2748,58.443880261403535,2748_chron
2776,58.44708747147648,2776_chron
3931,58.4473513603838,3931_chron
3201,58.463836654415424,3201_chron2
507,58.46462627527517,507_chron
3190,58.46566179015671,3190_chron2
3549,58.46630078324103,3549_chron
3761,58.46935186957198,3761_chron2
1646,58.47195145781092,1646_chron
3243,58.47198768798209,3243_chron
931,58.48613505217104,931_chron
2064,58.489493092132996,2064_chron
3865,58.49455335795234,3865_chron
530,58.5015519650196,530_chron
3365,58.504576617723515,3365_chron
2288,58.51039221228812,2288_chron
2095,58.513800338366856,2095_chron
3606,58.5173360623461,3606_chron2
3042,58.517671716043836,3042_chron
1521,58.51921605462079,1521_chron
3907,58.525929108055585,3907_chron2
3660,58.526959737095346,3660_chron
3550,58.52799615246881,3550_chron
3874,58.5415906807429,3874_chron
2549,58.55488259204247,2549_chron
1269,58.55527679477244,1269_chron
3108,58.55798746112477,3108_chron
3968,58.562139753667275,3968_chron2
1742,58.562598523935556,1742_chron
2985,58.570373286174046,2985_chron
3158,58.58056235719256,3158_chron
3273,58.58950035502362,3273_chron
4166,58.591936229768734,4166_chron
2063,58.59865690882313,2063_chron
4230,58.61027923910139,4230_chron2
2351,58.61144973378153,2351_chron2
3452,58.61782121639201,3452_chron2
2181,58.61831106145129,2181_chron
2757,58.62321836325172,2757_chron
3953,58.62473117935889,3953_chron2
3374,58.62945011067498,3374_chron
2619,58.63572535813304,2619_chron
886,58.636203861532856,886_chron
3422,58.641340500920464,3422_chron
1058,58.64456186341896,1058_chron
2091,58.64859634074576,2091_chron
3829,58.65023563313401,3829_chron2
3017,58.659591684506545,3017_chron2
4026,58.674203728641665,4026_chron2
3726,58.68044237111835,3726_chron
3745,58.681791205169475,3745_chron
3936,58.68901128095097,3936_chron
1430,58.69064094952267,1430_chron
2692,58.69135438601876,2692_chron
3970,58.69173171395549,3970_chron2
3235,58.70070350265606,3235_chron2
1759,58.701191044123995,1759_chron
2991,58.70639625233574,2991_chron
2465,58.7181628260832,2465_chron
3391,58.733237053669185,3391_chron
3893,58.73813885891878,3893_chron
2207,58.74130935947195,2207_chron
3621,58.74338527973098,3621_chron
4197,58.747578561355944,4197_chron2
877,58.75269378188929,877_chron
647,58.761058476745944,647_chron
3341,58.76379628943434,3341_chron2
4325,58.76741460416901,4325_acute2
911,58.772440779267946,911_chron
3089,58.7839120223654,3089_chron
2031,58.790264401484535,2031_chron
3775,58.792202217444334,3775_chron2
448,58.79727188039315,448_chron
3763,58.80039619735516,3763_chron2
4331,58.80081143875288,4331_acute
3734,58.806412772253275,3734_chron
3682,58.80980473239197,3682_chron
1400,58.8165502294976,1400_chron
3182,58.81724823052289,3182_chron
4157,58.822711976759486,4157_chron2
1321,58.8229815475916,1321_chron
1249,58.83893490181374,1249_chron
3525,58.852806992627755,3525_chron2
3370,58.85370809506719,3370_chron
3990,58.85641259973078,3990_chron2
3773,58.8594967960269,3773_chron
2369,58.85976046853119,2369_chron
4158,58.86450890101979,4158_chron
3596,58.86563524298804,3596_chron
3546,58.86666343070703,3546_chron
3030,58.87403514458358,3030_chron
2239,58.874631777428284,2239_chron
4320,58.889344254169444,4320_chron2
3294,58.8901465105602,3294_chron
1975,58.90808422886814,1975_chron2
2463,58.91032775719491,2463_chron
3296,58.918916068560044,3296_chron
4001,58.92205417803478,4001_chron2
4119,58.93466234504542,4119_chron2
2883,58.934794219023495,2883_chron
2695,58.939437594055484,2695_chron
1544,58.94014086595215,1544_chron
3003,58.94585656831086,3003_chron
3252,58.951533357730234,3252_chron
3165,58.953794078596054,3165_chron
3739,58.959036466602754,3739_chron2
3001,58.96036131660255,3001_chron
2908,58.96297941609045,2908_chron
1114,58.9664691621784,1114_chron
3796,58.97204449738594,3796_chron
1152,58.97364227740151,1152_chron2
4215,58.97500719189663,4215_chron2
3776,58.97744884595105,3776_chron
4129,58.980573718793174,4129_chron
2039,58.990062233029555,2039_chron
2536,58.99206558848774,2536_chron
3455,58.99321456912784,3455_chron
3926,58.99452611151739,3926_chron2
2336,59.000266922325935,2336_chron
3420,59.00147761295408,3420_chron
4179,59.00655540885754,4179_chron
4360,59.01274628554758,4360_chron
3847,59.01718507486392,3847_chron2
2638,59.021154421604834,2638_chron
3473,59.03375883329525,3473_chron
3607,59.04533030742903,3607_chron2
2958,59.047713213899186,2958_chron
4146,59.06497669995433,4146_chron2
2530,59.06694669390154,2530_chron
1666,59.07339472528342,1666_chron
3472,59.0814018637906,3472_chron
3886,59.084035901839535,3886_chron
2616,59.093209305186505,2616_chron
4092,59.09892438691458,4092_acute2
1622,59.101044338913866,1622_chron
2521,59.104529297784566,2521_chron
4118,59.109224390496244,4118_chron
2875,59.12369086575458,2875_chron
3531,59.124744558256694,3531_chron2
1627,59.147053481094055,1627_chron
4195,59.1521504097326,4195_chron
3159,59.15216286513022,3159_chron2
3457,59.15314688175479,3457_chron
3541,59.15404075421092,3541_chron
1895,59.169073474297996,1895_chron
2200,59.17357211485869,2200_chron
2217,59.1738392398821,2217_chron
4278,59.17520021482389,4278_chron
2570,59.175545675988744,2570_chron
1682,59.18145514485875,1682_chron
3699,59.182404884639695,3699_chron2
2995,59.187801296355154,2995_chron
3345,59.19498528637015,3345_chron
2813,59.19626014424961,2813_chron
3285,59.21464074824592,3285_chron
4121,59.228861826532814,4121_chron2
4151,59.236875296921866,4151_chron
2819,59.239594752772916,2819_chron
2810,59.24236276142233,2810_chron
3128,59.246170604791224,3128_chron
4098,59.24910199196266,4098_chron2
2966,59.2529130742312,2966_chron
3544,59.26422653252005,3544_chron
2811,59.264787438806394,2811_chron
4024,59.26547527923157,4024_chron2
4186,59.26786378168381,4186_chron2
3894,59.27311748721632,3894_chron
4352,59.282222619963164,4352_chron
3109,59.2827270938891,3109_chron2
3955,59.29397706379647,3955_chron
3904,59.295874462284104,3904_chron2
3594,59.29764762935453,3594_chron2
1551,59.30466607452358,1551_chron
3741,59.30510753349754,3741_chron
4005,59.31443526712955,4005_chron
3807,59.32361181283407,3807_chron
3808,59.32643431776986,3808_chron
1824,59.32702433863449,1824_chron
2799,59.32756555654981,2799_chron
914,59.3318094275058,914_chron
3841,59.333963885259585,3841_chron
3814,59.3369765567237,3814_chron
4114,59.34313032897103,4114_chron
3747,59.34511331804385,3747_chron2
2040,59.34858301983457,2040_chron
3059,59.350147282766706,3059_chron
3680,59.35068525951293,3680_chron
2764,59.35097436429272,2764_chron
1905,59.35110495926596,1905_chron
1302,59.35367141186572,1302_chron
3672,59.35803026746138,3672_chron2
2459,59.36022940116299,2459_chron
1885,59.37072177408164,1885_chron
881,59.376787269992974,881_chron
2334,59.38097031112599,2334_chron
2843,59.38974282215577,2843_chron
1553,59.3910155803835,1553_chron
3616,59.39320358676721,3616_chron
2419,59.39828954622223,2419_chron
2474,59.39847661160927,2474_chron
4344,59.40304796529012,4344_chron
1036,59.4112656595477,1036_chron
3665,59.41738474649373,3665_chron
4249,59.426707474032,4249_chron2
2945,59.428405175013204,2945_chron
3402,59.43319730278522,3402_chron
4234,59.435038877498386,4234_acute
4159,59.438090698030095,4159_chron
4124,59.438577882904035,4124_chron2
1925,59.44752425387294,1925_chron
3493,59.4481679127684,3493_chron
2608,59.45223062623847,2608_chron
4244,59.45237540193913,4244_chron
3023,59.452521802999115,3023_chron
3348,59.45572254274642,3348_chron2
2754,59.48292071814154,2754_chron
3965,59.48323359083604,3965_chron
2371,59.4864258393882,2371_chron
2068,59.49249473478386,2068_chron
3969,59.4928338596547,3969_chron
3368,59.49375500085729,3368_chron
3540,59.50152308923384,3540_chron
1996,59.5089292640463,1996_chron
4253,59.51745494960138,4253_chron
2746,59.52949770367343,2746_chron
4232,59.53318873605954,4232_chron
3802,59.53523765147969,3802_chron
3009,59.54125955643775,3009_chron
2287,59.54164186708808,2287_chron
3679,59.54535617789554,3679_chron
4065,59.54550376125795,4065_chron2
1861,59.54907828273554,1861_chron
3426,59.551703325826416,3426_chron
1740,59.551811172556945,1740_chron
4068,59.554672399505066,4068_chron
3280,59.558786756379185,3280_chron
4073,59.55995499114081,4073_chron2
3707,59.560471917402104,3707_chron
3534,59.56179103653843,3534_chron
2853,59.56251444823248,2853_chron
3642,59.56262997055033,3642_chron
2696,59.56263718164226,2696_chron
3583,59.575577433810835,3583_chron2
3462,59.5768826642087,3462_chron
4108,59.57973226370588,4108_chron
3910,59.5822643406366,3910_chron
4248,59.58237534967151,4248_chron2
3050,59.58468123062286,3050_chron
2456,59.584854502157874,2456_chron
4247,59.586116781229215,4247_chron
2553,59.589131954387824,2553_chron2
2816,59.595103363094694,2816_chron
2268,59.59624226549325,2268_chron
4155,59.60506020305332,4155_chron
879,59.61554308238815,879_chron
1524,59.61595146871582,1524_chron
2358,59.62482524552225,2358_chron
3058,59.62766172453719,3058_chron2
1457,59.639422871949904,1457_chron
4277,59.643029253904366,4277_chron2
2309,59.649447139772406,2309_chron
4357,59.65033935038683,4357_chron2
3932,59.65517298281874,3932_chron2
4090,59.6673561805557,4090_chron
3928,59.673281946641545,3928_chron
4306,59.67977207794886,4306_chron
4410,59.68215219525905,4410_acute
1134,59.696940338718655,1134_chron
2892,59.69990830607075,2892_chron
1636,59.70059217614819,1636_chron2
4199,59.7022330106617,4199_chron
2206,59.70432034647685,2206_chron
3585,59.70813086562313,3585_chron2
3373,59.7154847397146,3373_chron
2204,59.72002566488433,2204_chron
4462,59.723112820064244,4462_chron
676,59.724297625966045,676_chron
1313,59.73825053977594,1313_chron
2599,59.73916429791777,2599_chron
3983,59.746953772160076,3983_chron2
3487,59.74740425716617,3487_chron
2556,59.75256193703597,2556_chron
3833,59.75453481147008,3833_chron
2850,59.75928090291105,2850_chron2
3708,59.764219157411766,3708_chron
3469,59.765575219572916,3469_chron
3857,59.76597367560298,3857_chron
3712,59.770796746663464,3712_chron
2545,59.77327643655221,2545_chron
3812,59.78500892750674,3812_chron
4087,59.785899771050175,4087_chron2
2889,59.785996898866166,2889_chron
1305,59.78690787160526,1305_chron
4014,59.787142644756024,4014_chron2
2467,59.79115285129066,2467_chron
3896,59.798574504956605,3896_chron2
3885,59.80327534735135,3885_chron
3849,59.80718302344805,3849_chron
2278,59.80822312339131,2278_chron
2820,59.809010190702125,2820_chron2
4500,59.828712892694014,4500_chron2
2505,59.83138976617737,2505_chron
4341,59.83704641426658,4341_chron2
4477,59.83758512211994,4477_chron
2346,59.837922641660036,2346_chron
4070,59.84441898513734,4070_chron2
909,59.84535276571203,909_chron
4041,59.84648103461753,4041_chron
3819,59.853728813704755,3819_chron2
2575,59.853735991532055,2575_chron
2729,59.85394879426447,2729_chron
1069,59.858401454222644,1069_chron
4427,59.89198511867821,4427_acute
3545,59.892354927921104,3545_chron
3198,59.89756359134965,3198_chron2
3002,59.89985111357564,3002_chron
4243,59.90440067764418,4243_chron
2197,59.907632474967855,2197_chron
2607,59.91553232376559,2607_chron
3948,59.91615230323858,3948_chron2
2410,59.92141180358018,2410_chron
2253,59.93110387925844,2253_chron
1900,59.94049389819385,1900_chron
1892,59.94203653623112,1892_chron
1987,59.94395340785751,1987_chron
2245,59.94809024462184,2245_chron
1351,59.97476931954878,1351_chron
2047,59.9789893480425,2047_chron
3656,59.981835647663345,3656_chron
3020,59.99662177735509,3020_chron
4260,60.00268556958429,4260_acute
2431,60.0101450331792,2431_chron
3041,60.02047849960288,3041_chron
1973,60.02353150384187,1973_chron
2752,60.02457362199706,2752_chron
4149,60.02740014908948,4149_chron
3684,60.04018087644595,3684_chron
3715,60.041167756082196,3715_chron2
2952,60.04167312443547,2952_chron
3038,60.049323897090765,3038_chron
2968,60.04996056921242,2968_chron
3205,60.05999960263872,3205_chron
3500,60.06921077493771,3500_chron
4221,60.07370807689084,4221_chron2
3637,60.077041047759764,3637_chron2
2131,60.08295732087961,2131_chron
3060,60.09570587118636,3060_chron
4463,60.09721526813642,4463_chron
1959,60.09746468341387,1959_chron
2987,60.09913535898399,2987_chron
3117,60.106378673708015,3117_chron
4072,60.11060349072789,4072_acute
2939,60.11365262616525,2939_chron
3465,60.11998102279838,3465_chron
4058,60.132472177882455,4058_chron
4323,60.154544220975126,4323_chron2
2698,60.155847128455946,2698_chron2
4125,60.17219382659175,4125_chron
3934,60.17892349912105,3934_chron2
2525,60.19439721509715,2525_chron
1343,60.19724808708513,1343_chron
3163,60.206512971360404,3163_chron
2818,60.20817387595782,2818_chron
1460,60.21342005381969,1460_chron
3291,60.223145658266304,3291_chron
3318,60.22632853157647,3318_chron
3772,60.22939986969585,3772_chron
4282,60.22953655065242,4282_chron2
413,60.23012413288978,413_chron
2274,60.23235611196894,2274_chron
1906,60.234739342084765,1906_chron
4531,60.23501070476039,4531_chron
4538,60.242582871610296,4538_acute
4084,60.24962039661701,4084_chron
1838,60.25042551523095,1838_chron
1899,60.25548234171702,1899_chron
4177,60.25649589419362,4177_chron
1376,60.25983293937933,1376_chron
3259,60.2841395448757,3259_chron
325,60.28870775693353,325_chron
4187,60.300538937124,4187_chron
3697,60.31422161766431,3697_chron
3270,60.31581886491727,3270_chron
1316,60.31826444315298,1316_chron
2561,60.31903633342701,2561_chron
3238,60.32093773370824,3238_chron
4132,60.323288593412926,4132_chron
4254,60.32674825700931,4254_chron2
4019,60.328184927185156,4019_chron
4571,60.32885890154158,4571_chron2
3848,60.33068100383186,3848_chron2
3247,60.335800769328905,3247_chron
4295,60.340945762674735,4295_chron2
2654,60.34361655855301,2654_chron
2940,60.343708477714856,2940_chron
3012,60.34806496439533,3012_chron2
4269,60.35012821641603,4269_chron
3818,60.35411776419789,3818_chron
3357,60.35691649996095,3357_chron2
3628,60.359234578437906,3628_chron
2865,60.36934903688914,2865_chron2
2832,60.37575447145089,2832_chron2
4516,60.38006816446652,4516_chron
3650,60.384159759287606,3650_chron
501,60.38762171802259,501_chron
4562,60.389876303564485,4562_chron2
2969,60.39507065126497,2969_chron
2216,60.411276191489016,2216_chron
2934,60.4134143431931,2934_chron
3445,60.41515133135086,3445_chron
2795,60.41605610080254,2795_chron
767,60.420541626186235,767_chron
4569,60.42219294586265,4569_acute
4613,60.43213282543803,4613_chron2
4440,60.43376931194896,4440_chron
3530,60.438696211607486,3530_chron
3730,60.4460433972792,3730_chron
3479,60.44693525821434,3479_chron
3375,60.447998592125046,3375_chron2
1490,60.45090753730813,1490_chron
3869,60.4598936355395,3869_chron
2495,60.47418469939301,2495_chron2
2140,60.476422588406905,2140_chron
4000,60.47663592861015,4000_chron
1800,60.47715367601015,1800_chron
2558,60.478135835693074,2558_chron
4317,60.484705255987826,4317_chron
3996,60.48503359365548,3996_chron
2703,60.4890166196835,2703_chron
2028,60.48905405590313,2028_chron
3638,60.495437974652,3638_chron2
2335,60.500857925977066,2335_chron
2315,60.50381137137864,2315_chron
4169,60.516054604180695,4169_chron
1954,60.51639100174216,1954_chron
4309,60.51893769112805,4309_chron
2364,60.52403701434929,2364_chron
2538,60.53329672337628,2538_chron
3268,60.53434710147182,3268_chron
3891,60.54119668073407,3891_chron2
3107,60.552025271879145,3107_chron2
2759,60.55973402706626,2759_chron
4398,60.561165617339114,4398_chron
4375,60.56314976313668,4375_chron
4476,60.56701765249738,4476_chron
2773,60.57769610074371,2773_chron
4573,60.58246564190896,4573_chron2
2614,60.58976023088638,2614_chron2
2986,60.594910061383246,2986_chron
4229,60.60869301143744,4229_chron
2088,60.61064950503353,2088_chron
719,60.622425343900396,719_chron
3435,60.62287598951823,3435_chron
2436,60.636951902310095,2436_chron
1600,60.64106178176363,1600_chron
3507,60.649572532986106,3507_chron
2805,60.65129783595716,2805_chron
4438,60.653199597895416,4438_chron2
2133,60.65946683834542,2133_chron
3658,60.66023897668605,3658_chron
1823,60.67134175877508,1823_chron
3364,60.678161345125396,3364_chron
3232,60.68305913040095,3232_chron
3559,60.697144535099234,3559_chron2
4383,60.70733558228554,4383_chron
3013,60.70743654455022,3013_chron
2661,60.715274710446536,2661_chron
4242,60.71624829254492,4242_chron2
1744,60.73773255710079,1744_chron
3180,60.74348458694498,3180_chron2
3226,60.746791145064776,3226_chron
4483,60.74685318898231,4483_chron
1926,60.74698098440293,1926_chron
3349,60.75218228545948,3349_chron
1378,60.761861237803636,1378_chron
1122,60.762977523128086,1122_chron
2453,60.76318557568862,2453_chron
4373,60.768080997273934,4373_chron
4109,60.7738307094392,4109_chron2
3636,60.77844403467759,3636_chron2
3615,60.78151717457535,3615_chron
3576,60.78820307277196,3576_chron
3509,60.79293241420442,3509_chron2
3744,60.79325467362447,3744_chron2
3114,60.79698503278318,3114_chron
4106,60.797699067710965,4106_chron
3502,60.80526523056941,3502_chron
1929,60.83353912166054,1929_chron
4541,60.836445186121075,4541_chron2
4616,60.85272231822777,4616_chron2
4008,60.8555711053851,4008_chron
4292,60.87278284302584,4292_chron
3991,60.87582422534367,3991_chron
3648,60.882034750978505,3648_chron
2905,60.884366198293094,2905_chron
2804,60.89108679757881,2804_chron
1989,60.895540387208435,1989_chron
4731,60.895823239266164,4731_acute
3104,60.90585132378941,3104_chron
4586,60.90655894893854,4586_acute2
4667,60.91295204412086,4667_chron
3877,60.914760689825286,3877_chron
4264,60.92736133543326,4264_chron
3299,60.94417510290867,3299_chron
3552,60.946433301579674,3552_chron
1389,60.95598683905001,1389_chron
2606,60.97317517429263,2606_chron
4054,60.981198414058184,4054_chron
4315,60.989685094998336,4315_chron
4611,60.99765933002639,4611_chron
4468,61.000675017038276,4468_chron
1725,61.006270789719984,1725_chron
3230,61.015797685192666,3230_chron
3964,61.02661873545633,3964_chron2
1803,61.032672528258374,1803_chron
3989,61.03726958922999,3989_chron
3692,61.03895205017893,3692_chron
2163,61.04054652207632,2163_chron2
3950,61.04455709818739,3950_chron
4433,61.05614255714788,4433_acute
2879,61.06187268129615,2879_chron
3193,61.063019156987295,3193_chron
3872,61.06369253603736,3872_chron
2586,61.06628958384942,2586_chron
4750,61.07463248794776,4750_chron
884,61.07766933808531,884_chron
3517,61.080412131340225,3517_chron2
1101,61.083146391259106,1101_chron
2080,61.08577132059546,2080_chron
3403,61.09863754229203,3403_chron
4343,61.10809294442851,4343_chron
3278,61.1258602419208,3278_chron
4499,61.13282308124204,4499_chron
3123,61.13720562877485,3123_chron
3651,61.15552498591733,3651_chron2
3231,61.16050857115546,3231_chron
4219,61.170387354819326,4219_chron
2825,61.18241057155506,2825_chron
4719,61.18983259485021,4719_chron
3804,61.19277697932302,3804_chron
4227,61.19777761643347,4227_chron
4017,61.19857866992817,4017_chron
3554,61.19955345931471,3554_chron
1481,61.203224315439535,1481_chron
2635,61.20444080485662,2635_chron
4605,61.20471865233622,4605_acute2
4707,61.2054156962923,4707_chron
2996,61.209704786248714,2996_chron
2955,61.21868382334501,2955_chron2
3859,61.21962981824058,3859_chron
3961,61.23009112818198,3961_chron
3860,61.23009377607322,3860_chron
3561,61.231887701172774,3561_chron
4363,61.23316071084156,4363_chron2
3601,61.236637698342996,3601_chron2
4422,61.240977060376004,4422_chron
4723,61.24513388560627,4723_chron2
3359,61.24790432461914,3359_chron
4590,61.24837652087108,4590_chron
4692,61.24944352414023,4692_chron
2089,61.252174991585285,2089_chron
1081,61.252894941715645,1081_chron
4408,61.25675606923624,4408_chron
2226,61.257329768015076,2226_chron
3131,61.26238990408983,3131_chron
3646,61.2631496095816,3646_chron
2340,61.26590788520954,2340_chron
3458,61.27030358174608,3458_chron
3759,61.27851322301374,3759_chron
2455,61.28086225884315,2455_chron
3930,61.28471045894977,3930_chron
4160,61.28559191701282,4160_chron
1102,61.29015323900021,1102_chron
3967,61.291277024867455,3967_chron
4381,61.293246344264624,4381_chron
3854,61.29617812143474,3854_chron
1424,61.30348435439873,1424_chron
3984,61.310273840786905,3984_chron
4171,61.314180683019586,4171_chron
2714,61.31825868434574,2714_chron
2976,61.34149688096186,2976_chron
3436,61.34857473152159,3436_chron
916,61.35155853317619,916_chron
3510,61.35293186904017,3510_chron
4076,61.35484037453921,4076_chron2
4565,61.35699265103922,4565_chron2
4144,61.38353986394351,4144_chron
2751,61.38540272306564,2751_chron
3873,61.38816320603574,3873_chron
1318,61.40120348938617,1318_chron
1855,61.40198339649806,1855_chron
3415,61.42414185891797,3415_chron2
4226,61.42654492284462,4226_chron
4222,61.42705153353745,4222_chron
4390,61.43882609838363,4390_chron
1919,61.447410628712795,1919_chron
4368,61.45515180892341,4368_chron
2653,61.46150148385088,2653_chron
4238,61.46230799448759,4238_chron2
4772,61.46352122759077,4772_chron2
3909,61.46460624524025,3909_chron
3880,61.470264108594066,3880_chron
2469,61.479217868988115,2469_chron
3753,61.48248380712349,3753_chron2
3481,61.48443404995082,3481_chron
2108,61.49829255023239,2108_chron
1374,61.501718678188,1374_chron
2626,61.502421333777114,2626_chron
4267,61.504025231015795,4267_chron2
3381,61.50980757191274,3381_chron
1179,61.51598121897921,1179_chron
4191,61.52242705763969,4191_chron
4572,61.52424138187622,4572_chron
1093,61.52994013120932,1093_chron
4272,61.53959558671853,4272_chron2
4101,61.54097098593985,4101_chron
4503,61.54113215393008,4503_chron
4067,61.54551869220198,4067_chron
4770,61.55688720996428,4770_chron2
4419,61.55937977507316,4419_chron2
3566,61.589287379659844,3566_chron
4902,61.594436968107125,4902_acute
1286,61.594457268488235,1286_chron
4097,61.60441768438507,4097_chron
3095,61.60962332510505,3095_chron
4448,61.611137817245485,4448_chron2
4094,61.61586412173137,4094_chron
4497,61.617291008918805,4497_chron
4626,61.621430585450035,4626_chron
3698,61.65244918029532,3698_chron
4293,61.65466127808369,4293_chron2
3717,61.66365591283595,3717_chron
3532,61.66385173215864,3532_chron2
2620,61.68613361958958,2620_chron
4557,61.68640982503862,4557_chron
2012,61.68741865559189,2012_chron
4727,61.69088296882228,4727_chron2
4241,61.69500351400273,4241_chron
4335,61.698037157788335,4335_chron2
4081,61.701326707766036,4081_chron
4330,61.706696280706,4330_chron2
2161,61.71064716201193,2161_chron
3200,61.71354911220643,3200_chron
3883,61.71473121363399,3883_chron2
3924,61.71488081679272,3924_chron
3203,61.7203058254397,3203_chron
4790,61.72168434892633,4790_chron2
970,61.72767949721918,970_chron
2485,61.730379547397064,2485_chron
3634,61.7410639926191,3634_chron
4384,61.74609154053074,4384_chron2
3440,61.75293251731552,3440_chron
332,61.75540680196446,332_chron
3687,61.758128500083345,3687_chron
3094,61.76251224212919,3094_chron
3609,61.764354147917864,3609_chron
2642,61.76765310354139,2642_chron
2896,61.76879606012442,2896_chron
4322,61.77243834614967,4322_chron
4673,61.780278283092265,4673_chron
3870,61.78362229924008,3870_chron2
4302,61.78747077647287,4302_chron
4598,61.79264880720253,4598_chron2
4839,61.804104617798586,4839_chron
4554,61.81015079220452,4554_chron
2990,61.816652681801536,2990_chron
4694,61.821679937094416,4694_chron
4811,61.826895688513495,4811_chron2
2890,61.83017383610763,2890_chron
4718,61.83313326249943,4718_chron
4276,61.83887303021112,4276_chron
4209,61.844282995333494,4209_chron2
3809,61.864072758858576,3809_chron
4548,61.86855427217226,4548_chron2
3352,61.86930529567281,3352_chron
610,61.87833105872591,610_chron
3956,61.87954068982965,3956_chron2
3742,61.88500699688684,3742_chron
3242,61.885251512639165,3242_chron
1345,61.88888284010786,1345_chron
2518,61.89435466215564,2518_chron
4545,61.895914890799475,4545_chron
4637,61.89680240439914,4637_chron2
3867,61.90070317066346,3867_chron
3148,61.90690909515564,3148_chron
4959,61.919274152198696,4959_acute
4820,61.925252153723086,4820_chron
4035,61.92645827788611,4035_chron
4925,61.93279096349885,4925_chron2
2059,61.934717165238624,2059_chron
1561,61.94372708315885,1561_chron
3769,61.94544539084368,3769_chron
1785,61.94920186378886,1785_chron2
3888,61.9496355822017,3888_chron
4339,61.95678007002104,4339_chron2
4047,61.95929151647933,4047_chron
4530,61.969856575382046,4530_chron
3653,61.96997356305383,3653_chron
4456,61.970910464102836,4456_chron
4217,61.97282949251191,4217_chron
1709,61.97660556245132,1709_chron
4240,61.987521335370815,4240_chron
4582,62.00368134540418,4582_chron2
4270,62.00512271214197,4270_chron
1272,62.007233404781005,1272_chron
4447,62.01951017488121,4447_chron
3335,62.027218283570626,3335_chron2
3987,62.02904523664204,3987_chron
4791,62.03119258776624,4791_chron2
3411,62.03362937929728,3411_chron
4464,62.03466948825776,4464_chron
3724,62.036424077540964,3724_chron
4452,62.040692457835455,4452_chron2
2962,62.0486776179932,2962_chron
3054,62.05366229963551,3054_chron2
3765,62.05435152739787,3765_chron
1488,62.05583280271773,1488_chron
4561,62.069481445891654,4561_chron2
1303,62.07525534884966,1303_chron
4546,62.07724148361307,4546_chron
3451,62.077270419228476,3451_chron
3862,62.08417764561486,3862_chron
3019,62.08643965520699,3019_chron
4797,62.08667425505542,4797_chron2
2498,62.09599041082302,2498_chron
3933,62.09682764635959,3933_chron
4581,62.09713577554895,4581_chron
4300,62.10535442403055,4300_chron2
3181,62.10956693524862,3181_chron2
3450,62.11617321826875,3450_chron
4064,62.11998628698166,4064_chron
4748,62.12100813231505,4748_chron
1203,62.12784052660469,1203_chron
3404,62.128402780037405,3404_chron
3537,62.13405745478443,3537_chron
4623,62.13751113306896,4623_chron2
4700,62.14549302089482,4700_chron
4978,62.14596256567717,4978_chron
4506,62.15596011633679,4506_chron
1107,62.156386860366325,1107_chron
2167,62.158915129215366,2167_chron
2670,62.17320488599316,2670_chron
1180,62.17982003642856,1180_chron
4776,62.18751626878341,4776_chron
1438,62.188941339452754,1438_chron
4102,62.19214448463272,4102_chron
4865,62.20046610523703,4865_chron2
2993,62.2081139740811,2993_chron2
3813,62.208283734464125,3813_chron
4768,62.216179616298334,4768_chron
5000,62.219833591789715,5000_acute
5026,62.22091841841372,5026_acute2
3429,62.22518798216024,3429_chron
4624,62.22558221180955,4624_chron
4200,62.22565506632429,4200_chron2
2462,62.22605502585296,2462_chron
3972,62.23193717872696,3972_chron
2062,62.23280279729801,2062_chron
4413,62.234278702710355,4413_chron
4492,62.240012458861365,4492_chron
4710,62.24051513654911,4710_chron2
4674,62.25503129538497,4674_chron2
3056,62.256749085262214,3056_chron
3844,62.25824555830061,3844_chron
1871,62.261743399932186,1871_chron
3927,62.2632211010903,3927_chron2
4301,62.268313299135535,4301_chron
4103,62.2702370875597,4103_chron
4259,62.281168821754214,4259_chron2
5005,62.29005415075696,5005_acute
2898,62.3000887516208,2898_chron
3485,62.30199447554576,3485_chron
2680,62.306494546991324,2680_chron
4100,62.31031325225882,4100_chron
4663,62.31831641249272,4663_chron2
4639,62.322072947785244,4639_chron
4622,62.32810518576897,4622_chron
4326,62.329443495550635,4326_chron
2681,62.33254562328494,2681_chron
3760,62.3337137595528,3760_chron2
1624,62.33717876314271,1624_chron
3578,62.33808660281263,3578_chron
4060,62.339280576936915,4060_chron
4347,62.344331083808555,4347_chron
426,62.34954281584935,426_chron
3998,62.35146083014031,3998_chron
4803,62.35562537421396,4803_chron2
4050,62.35618960059544,4050_chron2
4202,62.35751907783924,4202_chron
4537,62.35877681365019,4537_chron
4308,62.36094638638499,4308_chron
4556,62.364828488886026,4556_chron
4354,62.365275781188515,4354_chron2
4913,62.379725207155715,4913_chron
3850,62.38992315035601,3850_chron
3846,62.39278372554897,3846_chron2
4712,62.39667020726789,4712_chron2
3179,62.39670223467679,3179_chron
2914,62.40372912577499,2914_chron
4491,62.40453675532549,4491_chron
4671,62.405733507442854,4671_chron2
3783,62.406142277490524,3783_chron
2870,62.41682508131511,2870_chron2
4173,62.4169842997319,4173_chron2
4883,62.418288947747676,4883_chron
3751,62.419050378969644,3751_chron
1977,62.42752252514071,1977_chron
4621,62.429112215272596,4621_chron
2569,62.43441451601561,2569_chron
4454,62.43677810757378,4454_chron2
2441,62.44366087404409,2441_chron
4726,62.44575092447367,4726_chron
4078,62.44641342148086,4078_chron
4498,62.45388528066948,4498_chron
3988,62.4573028042625,3988_chron2
3897,62.46239604523327,3897_chron
3408,62.46462059693848,3408_chron
4342,62.470947742920465,4342_chron2
2042,62.47481433246759,2042_chron
531,62.478200943665094,531_chron
2250,62.47953959670763,2250_chron
3837,62.500713519626835,3837_chron
4934,62.52174055060363,4934_chron
4739,62.52181994997428,4739_chron
3439,62.52269531132644,3439_chron
1688,62.52799686351837,1688_chron
2330,62.529094321138864,2330_chron
4509,62.52916667625618,4509_chron
4675,62.550308251524214,4675_chron
4079,62.55650268832042,4079_chron2
3947,62.55752005163168,3947_chron2
4949,62.57082189520824,4949_chron2
4071,62.58619784757272,4071_chron
3407,62.586223796823525,3407_chron
4834,62.5890419709414,4834_chron
5012,62.593425940552365,5012_acute
1816,62.59376973287819,1816_chron2
4351,62.59427748006488,4351_chron2
422,62.610102474570034,422_chron
3605,62.61968106478749,3605_chron
4817,62.62099990278321,4817_chron
3702,62.63055103650478,3702_chron
3878,62.6354667988948,3878_chron
2238,62.653550265390805,2238_chron
4659,62.65480841185366,4659_acute2
2749,62.657310890832775,2749_chron
852,62.65880429640295,852_chron
3793,62.66258228538248,3793_chron
3132,62.66287125331653,3132_chron
3172,62.668412401189826,3172_chron
3412,62.672090847358476,3412_chron
4143,62.67913068600963,4143_chron
3935,62.68773566371696,3935_chron
4020,62.688458647684485,4020_chron
3506,62.705496868405234,3506_chron2
4544,62.7086044985577,4544_chron2
1012,62.710605566912285,1012_chron
2847,62.720806788860116,2847_chron
1492,62.73861788793318,1492_chron
3905,62.74768565831149,3905_chron
4638,62.762104515047646,4638_chron
3246,62.76703545645187,3246_chron
2859,62.77083092644645,2859_chron
4585,62.773428893876,4585_chron
3093,62.775030464588674,3093_chron
4496,62.77639720971062,4496_chron
3568,62.77781903804336,3568_chron
1513,62.78327702377059,1513_chron
4505,62.788363505538996,4505_chron
3843,62.79195060378834,3843_chron
2450,62.79949561204848,2450_chron
4297,62.79973251921011,4297_chron
4868,62.8020643899046,4868_chron
3805,62.80388066532579,3805_chron
4588,62.804196101507294,4588_chron
2931,62.81030840929482,2931_chron
4028,62.817578746765285,4028_chron
2801,62.822438353004266,2801_chron
2833,62.823033987470886,2833_chron
4176,62.828073231971814,4176_chron2
4835,62.8355263733011,4835_chron2
4704,62.835817673472654,4704_chron
2175,62.83979128326282,2175_chron
4917,62.84655751151787,4917_chron
3663,62.84747167854637,3663_chron2
3245,62.85805292353521,3245_chron
4290,62.86081289996761,4290_chron
4897,62.861113117953956,4897_chron2
1888,62.86311085267231,1888_chron
4183,62.863362431148815,4183_chron
4446,62.86596764687209,4446_chron
3516,62.86738527090201,3516_chron
4744,62.87249434457898,4744_chron
3333,62.87277455397391,3333_chron
4542,62.8731240517805,4542_chron
4485,62.87812524328627,4485_acute
4494,62.88022833529558,4494_chron
3347,62.884012328193606,3347_chron
4838,62.88643849541739,4838_chron2
4878,62.8882323183629,4878_chron
4662,62.88962342362056,4662_chron
4999,62.89606057603261,4999_chron
4397,62.89862677991833,4397_chron2
4403,62.90738114298237,4403_chron
4695,62.90853473600255,4695_chron
3951,62.91158730311666,3951_chron
4034,62.922759855632606,4034_chron
3774,62.92606783819503,3774_chron
4928,62.936727654089495,4928_chron
4040,62.94062998320768,4040_chron
4154,62.94268626788006,4154_chron2
1476,62.950716369000865,1476_chron
2451,62.95673584840307,2451_chron
3738,62.95820384866204,3738_chron
4771,62.96002155815014,4771_chron
593,62.966122729765935,593_chron
4841,62.970547659815004,4841_chron
4378,62.97270184077641,4378_chron
4705,62.974911603814085,4705_chron
2593,62.97504573420765,2593_chron
4860,62.97549000172587,4860_chron2
2700,62.982725680865336,2700_chron
2778,62.98602067951122,2778_chron
3851,62.98705471472562,3851_chron
5072,62.98891528471333,5072_chron
2775,63.005976062057954,2775_chron
4467,63.01646795433375,4467_chron
5067,63.01722059483843,5067_acute2
2443,63.02108429554006,2443_chron
4822,63.02663846555983,4822_chron
3647,63.0302611598631,3647_chron
5129,63.03202038092621,5129_acute
1752,63.03687308810264,1752_chron
3582,63.03734183527913,3582_chron
2421,63.04210572925328,2421_chron
4010,63.0503939878146,4010_chron
4783,63.059602952407175,4783_chron
2975,63.06474065843056,2975_chron
5160,63.06660876813493,5160_chron
2657,63.06881516670401,2657_chron
4827,63.076728648681026,4827_chron2
3641,63.08100999405889,3641_chron
4918,63.08208384294721,4918_chron2
2677,63.08690788173314,2677_chron
4443,63.09205625161295,4443_chron
4963,63.099505261712956,4963_chron
1602,63.10126787355195,1602_chron
3414,63.11392759503716,3414_chron
5101,63.11550005510567,5101_chron
4736,63.124135989141735,4736_chron2
3514,63.124406852643766,3514_chron
4128,63.133904087478626,4128_chron
3952,63.136200496270206,3952_chron
4951,63.14617843877089,4951_chron
4296,63.146915165910436,4296_chron
3528,63.146958143173094,3528_chron
4140,63.147656519373655,4140_chron
4088,63.167686488178,4088_chron
5038,63.1781604360352,5038_chron2
3344,63.183992535837724,3344_chron
4236,63.18935037845236,4236_chron
3499,63.197350570631954,3499_chron
4876,63.20038319198108,4876_chron
4903,63.2095795162595,4903_chron
4686,63.21618490852152,4686_chron
4391,63.21866639310587,4391_chron
4280,63.22092238760867,4280_chron
4380,63.229046417327226,4380_chron
3579,63.234311277499714,3579_chron
4274,63.2461205358142,4274_chron
4356,63.24748867514077,4356_chron
2317,63.258995789889674,2317_chron
2428,63.26938849931334,2428_chron
5111,63.280109159083075,5111_chron2
4578,63.28128021720557,4578_chron
4574,63.28375415702845,4574_chron
2907,63.284409893325964,2907_chron
3882,63.29723306653488,3882_chron
4991,63.3005586913446,4991_chron
4642,63.3048622080168,4642_chron
4587,63.30678056768516,4587_chron
4465,63.31058530553682,4465_chron
3929,63.31245082722885,3929_chron
3533,63.3179113714139,3533_chron
1902,63.329125035714206,1902_chron
4346,63.33921626465712,4346_chron
4749,63.34425326700566,4749_chron
4181,63.350575915653,4181_chron
2601,63.353743591272824,2601_chron
749,63.36456381828838,749_chron
4636,63.37331466922303,4636_chron
4445,63.382612515196364,4445_chron2
3169,63.38394743882376,3169_chron2
3356,63.38687121902038,3356_chron
3743,63.39222284223223,3743_chron
3586,63.39484921316491,3586_chron
3067,63.39635229508498,3067_chron
4793,63.396847860063325,4793_chron
4113,63.40089735681685,4113_chron
3261,63.41446970327363,3261_chron
4165,63.415281061805345,4165_chron
666,63.41616635846079,666_chron
2861,63.42676830326654,2861_chron
5117,63.43041220587015,5117_chron2
282,63.43063332930218,282_chron
4884,63.45621663102691,4884_chron2
4589,63.45774061429504,4589_chron2
2311,63.46345101417645,2311_chron
5140,63.467435929522416,5140_acute2
2137,63.46898613264831,2137_chron
3399,63.474317078776615,3399_chron
4629,63.4765570763219,4629_chron2
2077,63.47876207267021,2077_chron
3906,63.487321428157735,3906_chron
2815,63.492040855430716,2815_chron
4788,63.496935163173944,4788_chron2
3639,63.49851814798111,3639_chron
3222,63.49856067131633,3222_chron
4013,63.500220625333256,4013_chron2
4904,63.50382290826342,4904_chron
4510,63.51126898893498,4510_chron
4211,63.512881988478284,4211_chron
1416,63.51685050528697,1416_chron
4042,63.51696646432667,4042_chron
1717,63.52445159174198,1717_chron
2295,63.526833267681155,2295_chron
4730,63.53979805018266,4730_chron
3839,63.5515889348017,3839_chron
4526,63.557085240265444,4526_chron2
4193,63.56218152889819,4193_chron
4987,63.56616675529816,4987_chron2
4051,63.56752645881916,4051_chron
4892,63.57107219869426,4892_chron2
4552,63.57424053396382,4552_chron
5222,63.57945164217581,5222_chron
4130,63.58017447958296,4130_chron2
2220,63.60073212872488,2220_chron
2868,63.62184251541847,2868_chron
4366,63.622405737328,4366_chron
4932,63.624978557500896,4932_chron
2277,63.641516399524136,2277_chron
3271,63.654008377091394,3271_chron
4307,63.65867636058128,4307_chron
4697,63.661512428054344,4697_chron
5125,63.6662433843657,5125_chron2
4032,63.669491620410426,4032_chron
3764,63.671933687436095,3764_chron
4480,63.67204340255858,4480_chron
2123,63.674846637671955,2123_chron
3915,63.67646482396783,3915_chron
4163,63.688190255604084,4163_chron
4787,63.70145614804974,4787_chron
4805,63.70484097632281,4805_chron2
4833,63.73242828991543,4833_chron
4389,63.73388003028018,4389_chron2
4127,63.738931279579774,4127_chron2
4431,63.73957346409237,4431_chron
4855,63.75275975560574,4855_chron2
4415,63.75346049144249,4415_chron
4836,63.75346496750456,4836_chron2
447,63.760894361398385,447_chron
4655,63.762486157470285,4655_chron
5309,63.78005164923397,5309_chron
3792,63.782145655355336,3792_chron
4369,63.78641959613658,4369_chron
3569,63.789258116081555,3569_chron
1601,63.78977944146811,1601_chron
2363,63.79290349500573,2363_chron
4672,63.79795993677789,4672_chron
2767,63.79865377125841,2767_chron
4952,63.81000160361967,4952_chron
1917,63.81084184509894,1917_chron
2022,63.81534173596096,2022_chron
5223,63.81715228057515,5223_chron
4874,63.81908086704364,4874_chron
4394,63.82459790250676,4394_chron
1814,63.84135752567325,1814_chron
5227,63.846558598247206,5227_chron
3401,63.847029122041,3401_chron
1469,63.85108768074056,1469_chron
3208,63.857859192844955,3208_chron
1843,63.86459101854241,1843_chron
4899,63.86701464543288,4899_chron2
1479,63.87499869777662,1479_chron
3779,63.88789484273721,3779_chron
4777,63.89436423240707,4777_chron
3192,63.89593335494131,3192_chron
5235,63.90129169380453,5235_chron
1297,63.90313900514923,1297_chron
3496,63.92831068801865,3496_chron
4646,63.937327320556435,4646_chron
3754,63.93898149731421,3754_chron
4150,63.945110862393975,4150_chron
3958,63.94847512816166,3958_chron
3939,63.9782478009735,3939_chron
1992,63.998722522816884,1992_chron
3467,63.99925721829815,3467_chron
4852,64.01519498979532,4852_chron
3206,64.03007173724457,3206_chron
2310,64.03052464038451,2310_chron
3228,64.03760285070923,3228_chron
2783,64.0492078669276,2783_chron
3977,64.0664854706939,3977_chron
4575,64.06986230832823,4575_chron
4570,64.08855459435235,4570_chron2
3916,64.09189306888017,3916_chron
4252,64.09549388441619,4252_chron
4981,64.09552456738233,4981_chron
4801,64.09579007285036,4801_chron
4459,64.09904480758068,4459_chron
4052,64.10049433535762,4052_chron
4148,64.10217325719283,4148_chron
5138,64.10223012232734,5138_chron
5181,64.10295155192739,5181_chron2
4533,64.1229132952847,4533_chron
4609,64.13230782373442,4609_chron
4261,64.14354474882441,4261_chron
2263,64.15202219033684,2263_chron
4096,64.16758666969501,4096_chron
4228,64.17023482875554,4228_chron
2027,64.17352353545253,2027_chron
3973,64.18981285448697,3973_chron
5088,64.19256603335789,5088_chron2
5110,64.1975095020725,5110_chron2
1292,64.20160008818117,1292_chron
2999,64.20414016402087,2999_chron
3560,64.20702154615616,3560_chron2
4649,64.20713678316994,4649_chron2
5060,64.20734570916267,5060_chron
4532,64.20827682864822,4532_chron
4018,64.21442802138809,4018_chron
5250,64.21563974385715,5250_chron2
5001,64.2375417299518,5001_chron2
4104,64.23758044391812,4104_chron
5282,64.24120380273678,5282_chron
4909,64.24364499959538,4909_chron2
4989,64.24972763490071,4989_chron2
5203,64.25105664185666,5203_chron
2974,64.25144987233152,2974_chron
5192,64.2534223374536,5192_chron2
4567,64.26297257384347,4567_chron
4898,64.2666905750546,4898_chron
4527,64.2688462046928,4527_chron2
4894,64.27213628237682,4894_chron
4900,64.27517286134015,4900_chron
4256,64.28069638970841,4256_chron
4421,64.28542365004115,4421_chron
5080,64.29557501519982,5080_chron
3428,64.31200699988456,3428_chron
4825,64.31841059186047,4825_chron2
3871,64.32034078987567,3871_chron
4947,64.32582848405126,4947_chron
2001,64.33074260230501,2001_chron
4012,64.33325667988049,4012_chron
3254,64.33692964200523,3254_chron
2557,64.33777446096605,2557_chron
5327,64.33798990738121,5327_chron
4311,64.34436221347103,4311_chron
1981,64.34680824184868,1981_chron
5294,64.35066961367576,5294_acute
4358,64.35942228577306,4358_chron
5098,64.3657506704273,5098_chron2
3901,64.37027873674903,3901_chron
4869,64.37108255282571,4869_chron
3944,64.37574666538917,3944_chron2
5312,64.3799827905179,5312_chron
4737,64.38126691684815,4737_chron2
3811,64.38501325727323,3811_chron
3227,64.39072850695003,3227_chron
4511,64.39311133536695,4511_chron
2356,64.39679893294469,2356_chron
3535,64.40829685015277,3535_chron
4420,64.41054717669117,4420_chron
3703,64.41722699949018,3703_chron
2957,64.4191716544852,2957_chron
4025,64.42132902836528,4025_chron
4204,64.43245266082599,4204_chron
3186,64.44795434989138,3186_chron
2464,64.4531984974436,2464_chron
4133,64.4636604668754,4133_chron
4885,64.46873368707297,4885_chron
3366,64.47778627541767,3366_chron
3574,64.48014020030463,3574_chron
1818,64.48129407628919,1818_chron
4752,64.48318306881882,4752_chron
4152,64.48549855211941,4152_chron
5338,64.48587523549595,5338_chron
2196,64.48982777147708,2196_chron
4564,64.49138571571079,4564_chron2
4201,64.51525765735445,4201_chron
5014,64.51668644498697,5014_chron
5051,64.51982974067761,5051_chron
4555,64.52666247686707,4555_chron
4563,64.5298802796581,4563_chron
4845,64.53845676398149,4845_chron
5166,64.5509150813221,5166_chron
4519,64.56622466283329,4519_chron2
3785,64.57225009421778,3785_chron
4693,64.57880792683883,4693_chron
3723,64.582375493102,3723_chron
4255,64.59188264880065,4255_chron
4490,64.59610878342178,4490_chron
5042,64.60111465537655,5042_chron
1882,64.60176724790698,1882_chron
4743,64.614182924665,4743_chron
3821,64.61958174389221,3821_chron
4487,64.61979790763992,4487_chron
3551,64.63077293184635,3551_chron
2587,64.63563649594411,2587_chron
4504,64.63781340625255,4504_chron
4512,64.65300779053472,4512_chron
4984,64.65725077572738,4984_chron2
5093,64.66246944219077,5093_acute2
3954,64.66414176941082,3954_chron
4224,64.66933669688667,4224_chron
2176,64.67035006669701,2176_chron
5150,64.67386611029902,5150_chron
2298,64.67998246890822,2298_chron
3171,64.68638446222415,3171_chron
3542,64.68970929036522,3542_chron
4715,64.6984545796113,4715_chron
2760,64.70959836203716,2760_chron
5070,64.7218953113785,5070_chron
3733,64.7415868027708,3733_chron
3881,64.74624865984207,3881_chron
3223,64.75112417071531,3223_chron
4600,64.75525930093215,4600_chron
3498,64.76258121669281,3498_chron
3922,64.76816879290385,3922_chron
5244,64.78177698996208,5244_chron2
5102,64.78425082410298,5102_chron
4821,64.7893570935844,4821_chron
3558,64.7897281054008,3558_chron2
4116,64.79560107754978,4116_chron
3460,64.79574077894317,3460_chron
4784,64.79752187257724,4784_chron
3145,64.79767942809683,3145_chron
4553,64.80010823307522,4553_chron
3900,64.82768991409715,3900_chron
5041,64.83342326025691,5041_chron2
3543,64.838360535094,3543_chron
2242,64.85109552846458,2242_chron
4194,64.85572447767808,4194_chron2
3062,64.8605249391554,3062_chron
5349,64.86422053486818,5349_chron
5032,64.86926705247728,5032_chron
5438,64.87289198519008,5438_chron
4725,64.87550898527526,4725_chron
2901,64.87762492486823,2901_chron
4089,64.88213939290515,4089_chron
4602,64.88333026612662,4602_chron
5270,64.88343998353467,5270_chron
2037,64.8856938754961,2037_chron
3662,64.88907548781232,3662_chron
5075,64.88929071498,5075_chron
1782,64.88948716269931,1782_chron
765,64.8896407282948,765_chron
2972,64.89294888277823,2972_chron
4960,64.89406551660952,4960_chron
3732,64.89686570464193,3732_chron
4856,64.90309550148643,4856_chron
4059,64.9131474318422,4059_chron2
5376,64.91445572732007,5376_chron
3938,64.91671021722861,3938_chron
3388,64.923788600094,3388_chron
5366,64.92712089097488,5366_chron2
3409,64.93313870138658,3409_chron
3028,64.93374132634376,3028_chron
5119,64.93532348812239,5119_chron
4875,64.93993462041689,4875_chron2
3921,64.94096086704377,3921_chron
3842,64.94634530737862,3842_chron2
3706,64.94755681368035,3706_chron
3005,64.96053162010642,3005_chron
3995,64.96715552767874,3995_chron
2148,64.97535554368454,2148_chron
3523,64.97585110661288,3523_chron
5092,64.97606337636527,5092_chron
1731,64.98674930318882,1731_chron
5165,64.99838229084916,5165_chron
1864,65.02653170130453,1864_chron
4853,65.03205640611003,4853_chron
5114,65.03441965612443,5114_chron
275,65.0345721911109,275_chron
5247,65.04346153826675,5247_chron2
1577,65.0458838335654,1577_chron
3309,65.05282515146837,3309_chron
3354,65.05965021641478,3354_chron
3718,65.06680971959648,3718_chron
5059,65.06788394931218,5059_chron
4627,65.06853982199753,4627_chron
5278,65.06859541422695,5278_chron2
4174,65.07940705383027,4174_chron
4944,65.08130530565087,4944_chron
5413,65.08237312929016,5413_chron2
4239,65.08904006640896,4239_chron2
2723,65.0961724925349,2723_chron
4418,65.10187013593374,4418_chron
2581,65.10235179067276,2581_chron
2537,65.10391403544374,2537_chron
5307,65.10622864262939,5307_acute
4595,65.10815074410723,4595_chron
5299,65.13121867191062,5299_chron
4863,65.13274394185119,4863_chron
5082,65.13982397233005,5082_chron
3449,65.14012269988665,3449_chron
4618,65.14411846830215,4618_chron
2788,65.14565808176987,2788_chron
740,65.1467903387848,740_chron
4832,65.16403437130114,4832_chron
2114,65.16842080245752,2114_chron
2953,65.18075994757946,2953_chron
4386,65.18091349864623,4386_chron2
2085,65.19141329739689,2085_chron
3304,65.19416549774351,3304_chron
5173,65.19566936948728,5173_chron
4281,65.2116824108331,4281_chron2
2254,65.21946927038267,2254_chron
3828,65.22850399007528,3828_chron2
4472,65.22991206959792,4472_chron
3704,65.24484215266828,3704_chron
4235,65.24597544477881,4235_chron
3806,65.25862786911927,3806_chron
3914,65.25882019716845,3914_chron
5269,65.2736446939705,5269_chron2
5454,65.27781999998423,5454_chron2
3832,65.27820136688229,3832_chron
5213,65.27851643156468,5213_chron2
4957,65.28130119777185,4957_chron
5133,65.2844477017101,5133_chron2
4514,65.30121228277753,4514_chron
4142,65.30825780609807,4142_chron
5544,65.30868719564819,5544_chron
4612,65.30876659157447,4612_chron
2339,65.32999693588263,2339_chron
3826,65.33900024519167,3826_chron
4972,65.34045355683118,4972_chron
3219,65.35056795030998,3219_chron
5492,65.35505988956274,5492_chron
4993,65.35765981516877,4993_chron
5154,65.36587150669236,5154_chron
5045,65.36775851231266,5045_chron
5298,65.3732076542337,5298_chron
5425,65.3764597206843,5425_chron
4417,65.3771588156909,4417_chron2
4206,65.38048989815948,4206_chron
4579,65.38884380933013,4579_chron
4486,65.39222694627043,4486_chron
977,65.40170738160846,977_chron
4795,65.40514023606704,4795_chron
3555,65.41367869033863,3555_chron2
3413,65.4178358561984,3413_chron
3890,65.44171777857032,3890_chron
5507,65.4511899937457,5507_chron
3750,65.45144281769898,3750_chron
5318,65.46371250858591,5318_chron2
5091,65.465405836546,5091_chron
1373,65.47029954779634,1373_chron
4518,65.48065216840999,4518_chron
4395,65.49194319858594,4395_chron
1967,65.49540133469614,1967_chron
3393,65.49670421079252,3393_chron
4912,65.49804499436785,4912_chron
5178,65.49918500805234,5178_chron
2562,65.52402119444508,2562_chron
2943,65.52933911090909,2943_chron
2246,65.53322457624031,2246_chron
5104,65.53378186850385,5104_chron
1052,65.54081299730353,1052_chron
4460,65.54755631371408,4460_chron
4696,65.5712514715774,4696_chron2
5277,65.57470614217041,5277_chron
5035,65.57472210378278,5035_chron
4688,65.57505297369309,4688_chron
4982,65.58019595802587,4982_chron
4558,65.58186106450964,4558_chron
4525,65.58208531025237,4525_chron2
3217,65.59565323596458,3217_chron
4971,65.6057624302468,4971_chron
2023,65.60610864194308,2023_chron
4606,65.60758042757423,4606_chron
4451,65.6297576042777,4451_chron
1693,65.63116082369488,1693_chron
5258,65.631691137099,5258_chron
4945,65.64578358518817,4945_chron
4906,65.64755888781423,4906_chron
5459,65.6533589170025,5459_chron
4435,65.66074436838001,4435_chron
5566,65.67059687975924,5566_chron
5390,65.67271062764608,5390_chron
3466,65.67683473455403,3466_chron
5189,65.67848513982752,5189_chron
1375,65.67972683725465,1375_chron
4851,65.68334416898233,4851_chron
944,65.69949087438076,944_chron
5139,65.7001257745386,5139_chron
3917,65.70898922831792,3917_chron
5420,65.71086722081382,5420_chron
2584,65.7147957570745,2584_chron
2609,65.71715513275656,2609_chron
4625,65.72001761389784,4625_chron2
3752,65.72668327821093,3752_chron
3495,65.73140973793757,3495_chron
5481,65.74140394567667,5481_chron
3691,65.75277234657432,3691_chron
5528,65.75627283391408,5528_chron
3081,65.76834142968902,3081_chron
5137,65.77190458025767,5137_chron
3110,65.77346884179151,3110_chron
5634,65.78709540106354,5634_acute
5334,65.80394435353888,5334_chron
5557,65.8110808336906,5557_acute
3822,65.81158035748163,3822_chron
4806,65.82082578644216,4806_chron2
4857,65.82522035983727,4857_chron
5116,65.83181740782724,5116_chron
4767,65.83764900884235,4767_chron
4652,65.8380790079241,4652_chron
5019,65.8447947411184,5019_chron
5521,65.84897967057483,5521_acute
3700,65.85355129202283,3700_chron
4980,65.8635246419162,4980_chron
4388,65.8639558092722,4388_chron
3911,65.87172687424143,3911_chron
4679,65.8735662103132,4679_chron
4423,65.87728994269709,4423_chron
5423,65.8832278200061,5423_chron2
2304,65.88857443592602,2304_chron
3098,65.8910318275827,3098_chron
3627,65.90158552595943,3627_chron
1363,65.91859460132383,1363_chron
4941,65.93641024806588,4941_chron
3384,65.93706197482696,3384_chron
4362,65.94006869470715,4362_chron
2301,65.94616014191898,2301_chron
4535,65.94631591492377,4535_chron
3156,65.96864410799112,3156_chron2
5588,65.97917593763441,5588_chron
5401,65.9864706857484,5401_chron
992,65.98740685158266,992_chron
5552,66.00585083162044,5552_chron
4074,66.01554062302102,4074_chron
4940,66.01820159733973,4940_chron
1414,66.0188312600735,1414_chron
1913,66.02619036940509,1913_chron
5149,66.0385922900429,5149_chron
5415,66.04338285360814,5415_chron2
4470,66.04352366890657,4470_chron
5020,66.04712979129279,5020_chron
3879,66.05610187858532,3879_chron
3633,66.0623913791625,3633_chron
4849,66.06365218777886,4849_chron
4798,66.06460032573717,4798_chron
5512,66.0654698413926,5512_chron2
4007,66.07115622450469,4007_chron
4524,66.07274566608052,4524_chron2
3303,66.07334536266623,3303_chron
5416,66.07932759442828,5416_chron2
3685,66.08478110715548,3685_chron
5113,66.08959480863159,5113_chron
5047,66.09561519698693,5047_chron2
5096,66.09689129867547,5096_chron
1768,66.10014489379122,1768_chron
5646,66.1086620442,5646_acute
4409,66.11357159723568,4409_chron
5409,66.11478490189064,5409_chron
4706,66.11556490951742,4706_chron2
4698,66.11806314463101,4698_chron
3787,66.1203236727692,3787_chron
2129,66.12295243199014,2129_chron
2863,66.12428817270813,2863_chron
2322,66.12649479610246,2322_chron
1991,66.13716457284757,1991_chron
5272,66.13722452676059,5272_chron2
4379,66.14017665094622,4379_chron
5024,66.14850377638912,5024_chron2
3923,66.15390027228025,3923_chron
5320,66.15700885213198,5320_chron2
5128,66.1727252108028,5128_chron
2649,66.18179904815712,2649_chron
2724,66.1858059829242,2724_chron
5471,66.19301873823039,5471_chron
5081,66.19901216120151,5081_chron2
5262,66.20299237552071,5262_chron
4840,66.20309850549015,4840_chron
2694,66.20476451045832,2694_chron
4703,66.20837311675815,4703_chron
5077,66.21499848016654,5077_chron
4661,66.21933524367827,4661_chron
4810,66.22559570899945,4810_chron
5419,66.23157369146034,5419_chron2
3037,66.23318934484307,3037_chron
4877,66.23831888430878,4877_chron
5280,66.24212663579554,5280_chron
3077,66.24672494968473,3077_chron
5590,66.26192245321828,5590_chron2
5461,66.26639242513635,5461_chron2
5341,66.27685530637919,5341_acute
5549,66.28363173659534,5549_chron
4053,66.29039861505727,4053_chron2
5394,66.29444986754865,5394_chron
4364,66.29848099697259,4364_chron
4529,66.29978824802741,4529_chron
4930,66.29994753635769,4930_chron
4286,66.30030591798115,4286_chron2
4111,66.30425973856623,4111_chron
2120,66.31366623530748,2120_chron
4305,66.31877218183392,4305_chron
4057,66.32020402628126,4057_chron
5388,66.32022136361724,5388_chron2
5524,66.32473270749851,5524_chron
3631,66.32501209671899,3631_chron
4172,66.33111402689583,4172_chron2
4914,66.33855561290565,4914_chron
1825,66.34314733637018,1825_chron2
3767,66.34402620649954,3767_chron
4033,66.3441603936683,4033_chron
5226,66.3498898018995,5226_chron2
5378,66.37231719247936,5378_chron
4664,66.37656918673142,4664_chron
4974,66.3773824148588,4974_chron
4630,66.38580284702425,4630_chron
2440,66.38593413151794,2440_chron
975,66.39931449037327,975_chron
4691,66.41210709474669,4691_chron
5516,66.41842456534711,5516_chron
5498,66.42339609603229,5498_chron
5346,66.42939318593531,5346_chron2
4319,66.42951098802016,4319_chron
4677,66.4534836460905,4677_chron
5436,66.45441372014648,5436_chron
5263,66.45886163403854,5263_chron2
983,66.4608741528083,983_chron
4584,66.47404846346909,4584_chron
5695,66.47420419174959,5695_chron
2409,66.47420922864806,2409_chron
4766,66.48175208988005,4766_chron
4048,66.48370298072916,4048_chron
3797,66.48613191933015,3797_chron
2445,66.48625916556297,2445_chron
4657,66.49070209596096,4657_chron2
4871,66.49236288431067,4871_chron
4312,66.49483407378756,4312_chron
5202,66.50020230803332,5202_chron
5025,66.50208645144912,5025_chron
2237,66.52011273732619,2237_chron
5550,66.52195567925622,5550_chron
5574,66.53045104355256,5574_chron
5611,66.53628440722706,5611_chron
2641,66.54668883269565,2641_chron
4847,66.54961954288095,4847_chron
5109,66.5501309323593,5109_chron2
5034,66.55191825868756,5034_chron
5526,66.55388681882881,5526_chron
3598,66.55675410929378,3598_chron
3577,66.55730069492965,3577_chron
5217,66.56243411815684,5217_chron
3207,66.56322580247831,3207_chron
2325,66.57138850951718,2325_chron
5175,66.58250206050312,5175_chron
5162,66.58594511133683,5162_chron
4203,66.58915124799616,4203_chron
5207,66.58947274775154,5207_chron2
5218,66.59165765588946,5218_chron2
4804,66.59364296107276,4804_chron
3980,66.59488441498014,3980_chron
5044,66.60362262487908,5044_chron
5389,66.6082942978754,5389_chron
1327,66.61223662842824,1327_chron
5475,66.6159470271699,5475_chron2
5046,66.62197613415971,5046_chron
4566,66.62924362111872,4566_chron2
5427,66.63967590636227,5427_chron2
4814,66.6429050126872,4814_chron
5303,66.64491043383246,5303_chron
5297,66.650961110012,5297_chron
4905,66.66448366318193,4905_chron2
5462,66.66617933524508,5462_chron
4521,66.67303391084194,4521_chron
3589,66.67386486424962,3589_chron
5315,66.70138512391304,5315_acute2
4995,66.71291394394478,4995_chron
5076,66.7145611694215,5076_chron
4536,66.71684003497265,4536_chron
5561,66.72187986342531,5561_chron2
2276,66.7264171728905,2276_chron
284,66.73013459094852,284_chron
2644,66.73267318622433,2644_chron
5601,66.73342939586213,5601_chron
5501,66.73402748642148,5501_chron
4929,66.73909154539932,4929_chron
3836,66.73924570532334,3836_chron
5251,66.73933757184875,5251_chron
3099,66.74331744946035,3099_chron
5219,66.7502764128119,5219_chron
3608,66.75988759003769,3608_chron
1240,66.76689365728802,1240_chron
4534,66.77170694885491,4534_chron2
5774,66.77188970707375,5774_acute2
5200,66.78172403493679,5200_chron2
3755,66.78685212986173,3755_chron
2675,66.78688270812106,2675_chron
5698,66.78926371186067,5698_chron2
5636,66.79009985882217,5636_acute2
4495,66.7933960529135,4495_chron
2187,66.80537825565898,2187_chron
3031,66.81228920543059,3031_chron
4973,66.81381453485655,4973_chron
5476,66.81571788904347,5476_chron
5559,66.81647628191669,5559_chron2
4426,66.81755500552072,4426_chron
4075,66.82959023413193,4075_chron
2938,66.83216428905892,2938_chron
2112,66.8492591204136,2112_chron
5700,66.86570685459738,5700_acute2
5593,66.87003454214101,5593_chron
5274,66.87093158529555,5274_chron
4271,66.87748481071436,4271_chron
4324,66.8811369385592,4324_chron
3262,66.88393554039114,3262_chron
5347,66.88609844136224,5347_chron
1530,66.89309856684443,1530_chron
2422,66.89346510440133,2422_chron
5212,66.89808352103908,5212_chron
5337,66.90161778686715,5337_chron
5655,66.90910881978392,5655_chron
898,66.91828364535634,898_chron
3982,66.92041894619017,3982_chron
4936,66.92832806040057,4936_chron
3588,66.92860382925075,3588_chron
5554,66.94466220521926,5554_chron
1288,66.94533717773079,1288_chron
5352,66.94712697729246,5352_chron
4303,66.95392771714896,4303_chron
4828,66.96014843421136,4828_chron
5412,66.96818793906161,5412_chron
2779,66.97967072290955,2779_chron
4393,66.97999169228122,4393_chron
4273,66.98923848000109,4273_chron
3876,66.99259875692707,3876_chron
5365,66.9966604196619,5365_chron
5712,67.02504669321469,5712_acute
5375,67.05428599188184,5375_chron2
5073,67.05647754262182,5073_chron
1301,67.06125517598767,1301_chron
4332,67.06313744004377,4332_chron
3111,67.07392101502727,3111_chron
3963,67.0833618384217,3963_chron2
5583,67.08623810634032,5583_chron
4355,67.08918229682584,4355_chron
4617,67.09164596177283,4617_chron
2541,67.09302324668681,2541_chron
5815,67.0949340141748,5815_chron2
4997,67.1014368780544,4997_chron
4137,67.10232591637164,4137_chron2
5256,67.10464346246584,5256_chron
5305,67.11095449618298,5305_chron
5680,67.11553948432302,5680_chron
4145,67.15068615286489,4145_chron
2897,67.16558956662169,2897_chron
2504,67.16650173288238,2504_chron
4091,67.17448591455852,4091_chron
3237,67.17642835467926,3237_chron
3899,67.17926675758403,3899_chron
3825,67.18147565692493,3825_chron
5463,67.1867290527636,5463_chron
3856,67.18788606758909,3856_chron
5296,67.20539772863494,5296_chron
5328,67.20658452477761,5328_chron
3581,67.2206497015203,3581_chron
4830,67.22706601476082,4830_chron
3139,67.22982580739767,3139_chron
5284,67.2363585495837,5284_chron
2721,67.2454929756247,2721_chron
5233,67.25633836238198,5233_chron2
2365,67.25732889192474,2365_chron
3676,67.25923426386865,3676_chron
5797,67.26601094954565,5797_chron
3786,67.26875376227956,3786_chron2
3119,67.27532463077817,3119_chron
4728,67.28053814917101,4728_chron
5266,67.28313544986396,5266_chron
2978,67.28355257323065,2978_chron
5705,67.28358354409063,5705_acute
4799,67.29277007785245,4799_chron
3051,67.30048852489958,3051_chron
3044,67.31293575998191,3044_chron
4654,67.31555747702816,4654_chron
5410,67.31557648808352,5410_chron
5006,67.32852550355446,5006_chron
3591,67.33661407985265,3591_chron
3039,67.33845308091709,3039_chron
4237,67.34119130296266,4237_chron
3957,67.35236840989985,3957_chron
5353,67.35791100963543,5353_chron
5518,67.3618150441632,5518_chron
5135,67.36462949443958,5135_chron2
5131,67.36724945944162,5131_chron
3224,67.38614125036138,3224_chron
5054,67.39412141237143,5054_chron
5575,67.39729887089905,5575_chron
4862,67.40244687632878,4862_chron2
4077,67.40288220382014,4077_chron
5121,67.40299846611349,5121_chron2
2632,67.4071305584979,2632_chron
5123,67.41478673248767,5123_chron2
3624,67.41968818018825,3624_chron
5656,67.42122803204545,5656_chron2
5865,67.4257031867907,5865_acute2
5242,67.44854756920628,5242_chron
3670,67.45147598173828,3670_chron
4785,67.45326266087538,4785_chron
2280,67.45537102380955,2280_chron
4879,67.45725928570087,4879_chron
5598,67.46567404845037,5598_chron
3022,67.46604008628978,3022_chron
4314,67.47017252236358,4314_chron
5206,67.47310497165259,5206_acute2
4015,67.48467629471128,4015_chron
3026,67.49314948902186,3026_chron
5348,67.4988481027133,5348_chron2
5486,67.50878491973592,5486_chron
1670,67.51002141222303,1670_chron
5343,67.51039325348258,5343_chron
3395,67.51733864409532,3395_chron
5249,67.52366397388539,5249_chron
2118,67.52477710857065,2118_chron
5586,67.52627320434273,5586_chron
4665,67.53189403153775,4665_chron
4061,67.53767713849317,4061_chron
3438,67.53988529494323,3438_chron
4115,67.54039410320752,4115_chron
5484,67.54722040720473,5484_chron
3293,67.55870900967325,3293_chron
3920,67.56093826846268,3920_chron2
4891,67.56184652945235,4891_chron
2307,67.56265968254266,2307_chron
5789,67.57689184174963,5789_chron
5062,67.5808090993932,5062_chron
4813,67.58399751307456,4813_chron
5008,67.60144305921847,5008_chron
4387,67.60557434118087,4387_chron
5136,67.60847835623649,5136_chron
5386,67.6222174394859,5386_chron
4353,67.6229506543299,4353_chron
4474,67.62514563997564,4474_chron
5613,67.65569999063989,5613_chron2
5210,67.65931738198604,5210_chron
4218,67.66199485642193,4218_chron
4479,67.67002425868134,4479_chron
5702,67.6728302277474,5702_chron
3976,67.68650529358662,3976_chron
5134,67.6939482020468,5134_chron
2343,67.69608468450843,2343_chron
3197,67.69624578613967,3197_chron
4880,67.70209208266732,4880_chron
4615,67.7109830535516,4615_chron
1712,67.71202716518528,1712_chron
4896,67.71407489879249,4896_chron
5567,67.71451334613909,5567_chron
2930,67.7259607158688,2930_chron
5118,67.7272008974614,5118_chron
5186,67.7336660659595,5186_chron2
5734,67.73489401292728,5734_chron
4027,67.73497790590231,4027_chron
4392,67.73723773062243,4392_chron
5190,67.73760403195038,5190_chron
5667,67.73785350018544,5667_chron
4870,67.74056168679083,4870_chron
5382,67.76853862934172,5382_chron
5889,67.77166765406056,5889_chron
5171,67.77535192135444,5171_chron
2753,67.7757715348316,2753_chron
1797,67.77973646549381,1797_chron
5339,67.79119185965155,5339_chron
4800,67.79276089412915,4800_chron
5293,67.79309577420392,5293_chron
5645,67.80048500033554,5645_chron
5842,67.8020763690082,5842_chron2
3379,67.80851227270476,3379_chron
5678,67.81510844503792,5678_chron
4062,67.82335686376248,4062_chron
5796,67.8244078370618,5796_chron
4147,67.8478404148818,4147_chron
5291,67.85668476862037,5291_acute
5600,67.86359779663853,5600_chron2
5055,67.86933564928684,5055_chron2
3209,67.87283046021872,3209_chron
2508,67.87700263618179,2508_chron
5215,67.88227497206414,5215_chron
2961,67.89518682071952,2961_chron
4948,67.89521166449376,4948_chron
2388,67.89637318406253,2388_chron
5696,67.91345866839156,5696_chron2
2153,67.91696527069294,2153_chron
4837,67.92010382950018,4837_chron
5537,67.93443665856567,5537_chron
2701,67.94482129873782,2701_chron
3539,67.94600709682864,3539_chron
4992,67.9527706830829,4992_chron
4580,67.95642234584324,4580_chron
5545,67.95906787270816,5545_chron
4437,67.96407935930281,4437_chron
5793,67.9730712677437,5793_chron
3690,67.9805459100489,3690_chron
4666,67.98135131967072,4666_chron
5097,67.98808444816869,5097_chron
2251,67.98839624426395,2251_chron
3061,67.990900049961,3061_chron
4167,67.99181225294465,4167_chron
3889,67.99701609242075,3889_chron
4299,68.00040611692484,4299_chron
5726,68.02094768841809,5726_chron
5442,68.02408017344025,5442_chron
3757,68.03156037535351,3757_chron
1563,68.03308594627484,1563_chron
2891,68.03541612454258,2891_chron
3630,68.03552941143904,3630_chron
1332,68.03940625286246,1332_chron
4428,68.03952634565111,4428_chron
5155,68.04327024664799,5155_chron
5620,68.0498278002507,5620_chron
3526,68.05811296787223,3526_chron
5945,68.05857047345204,5945_acute2
5079,68.0641397265347,5079_chron
4970,68.06583536188289,4970_chron
5937,68.06888243015183,5937_chron2
5640,68.06917502132343,5640_chron
5677,68.07633697650003,5677_chron2
4648,68.07676599299934,4648_chron
4329,68.07728795238968,4329_chron2
4939,68.07877063976136,4939_chron
5350,68.08628301270205,5350_chron2
1880,68.10828956244679,1880_chron
3447,68.11404791938429,3447_chron2
3424,68.11985746335593,3424_chron
3127,68.1217410454294,3127_chron
4138,68.1241339719926,4138_chron
5286,68.14149537756215,5286_chron2
2579,68.14870410217043,2579_chron
4583,68.15163236460207,4583_chron
5737,68.15625405198337,5737_chron
5234,68.17364593938956,5234_chron
3202,68.17609816492164,3202_chron
4291,68.19059778484345,4291_chron
1777,68.19957101944395,1777_chron
1664,68.20047684743047,1664_chron
5273,68.21052288824623,5273_chron
4099,68.21291997363043,4099_chron
5344,68.22210468276016,5344_chron
5651,68.23300015209873,5651_chron2
5193,68.23507041199109,5193_chron
4359,68.2404112801808,4359_chron
4775,68.24924398988296,4775_chron2
5529,68.26156411514951,5529_chron
4761,68.26336077578718,4761_chron
5316,68.27081291222345,5316_chron2
1665,68.29498443027313,1665_chron
5050,68.29742505003387,5050_chron
4523,68.30025204230213,4523_chron
1821,68.30189489352834,1821_chron
5798,68.3260351699997,5798_chron
5580,68.32688878665579,5580_chron
5428,68.32823380661338,5428_chron
5673,68.32934948499432,5673_chron
4484,68.33444192629533,4484_chron
5976,68.3357932572237,5976_chron2
5558,68.34298962899013,5558_chron
4288,68.34817268139497,4288_chron
2050,68.37127669610548,2050_chron
3269,68.37618495284295,3269_chron
5608,68.38276066443755,5608_chron
5916,68.38336638641778,5916_chron2
3937,68.38339644901784,3937_chron
5689,68.39043385164784,5689_chron2
5359,68.3920200651172,5359_chron
4251,68.40611806899686,4251_chron
5064,68.40746833031568,5064_chron
5503,68.43171931980403,5503_chron
5329,68.43422006247174,5329_chron
5469,68.43947285038946,5469_chron
5540,68.45226093408924,5540_chron
4886,68.45437999301033,4886_chron
3417,68.4590820012703,3417_chron
4411,68.46359675902083,4411_chron
5106,68.46633866294106,5106_chron2
5445,68.47195126315921,5445_chron
4471,68.48047793794346,4471_chron
4164,68.49388466635811,4164_chron
4316,68.49403021348004,4316_chron
4954,68.49581764483466,4954_chron
5887,68.50227786761282,5887_chron2
5538,68.50847180421279,5538_chron
5740,68.52614992864709,5740_chron
4110,68.5285367333597,4110_chron
4382,68.53772364446773,4382_chron
1956,68.53899443545953,1956_chron
5570,68.53914098608432,5570_chron2
4455,68.5407711407395,4455_chron
5681,68.5482209575154,5681_chron
3780,68.55777724937958,3780_chron2
4482,68.58193282512661,4482_chron
2374,68.5838992034604,2374_chron
2627,68.58555157064926,2627_chron
3034,68.58981497866087,3034_chron
5954,68.59333538827288,5954_chron2
4735,68.60199778668334,4735_chron2
3174,68.63117037266261,3174_chron
4846,68.64009011602924,4846_chron
3006,68.6433912363598,3006_chron
4112,68.64429974332134,4112_chron
5589,68.64871700220134,5589_chron
4634,68.67775180715863,4634_chron2
5208,68.6796718066545,5208_chron
3617,68.68050296016708,3617_chron2
4461,68.68071667028399,4461_chron
2341,68.69428905136307,2341_chron
2233,68.69889747981028,2233_chron
5254,68.70372048227362,5254_chron
5763,68.70719146908885,5763_chron2
3486,68.72967674549162,3486_chron
4457,68.73016836187853,4457_chron
3563,68.73732692252126,3563_chron
5176,68.74466888671941,5176_chron
5440,68.74546446355747,5440_chron2
2664,68.74891634998806,2664_chron
5100,68.75503894734472,5100_chron
4850,68.75990260839788,4850_chron
4265,68.77068492300488,4265_chron
2473,68.7727451577048,2473_chron
3329,68.78153244893983,3329_chron
5153,68.78245193676841,5153_chron
5792,68.78479834948244,5792_chron
4808,68.78580400671169,4808_chron
5335,68.7908791122465,5335_chron
5231,68.81185851363443,5231_chron
4716,68.8138982524047,4716_chron
4682,68.82463783711317,4682_chron
3484,68.8283736036397,3484_chron
4979,68.83623937791205,4979_chron
5834,68.83660724036794,5834_chron
4083,68.83998065708326,4083_chron
3522,68.85012199242425,3522_chron
3966,68.85820126352861,3966_chron
4049,68.86025781266686,4049_chron2
5163,68.87708412273926,5163_chron2
5840,68.87746632230592,5840_chron
3971,68.88506817923266,3971_chron
5201,68.89103120224883,5201_chron
4759,68.9032283298102,4759_chron
5196,68.9130101766791,5196_chron
5310,68.91516907189819,5310_chron
5287,68.9289433727721,5287_chron
5760,68.92988785181385,5760_chron
5779,68.93393635439801,5779_chron2
3275,68.93601297494516,3275_chron
5664,68.93643493141528,5664_chron
4794,68.94090739900395,4794_chron
4670,68.94184105405161,4670_chron
4985,68.94433660697868,4985_chron
5649,68.94969070894169,5649_chron
3778,68.95030608463405,3778_chron
2713,68.95238925825608,2713_chron
3155,68.95366916207077,3155_chron
5568,68.95526075979781,5568_chron
3164,68.95964340042258,3164_chron
4268,68.96756843670003,4268_chron
5852,68.96804588325895,5852_chron2
4141,68.96876646751089,4141_chron
2073,68.9704186914724,2073_chron
6077,68.98314262442504,6077_chron2
5488,68.98333253552177,5488_chron2
5868,68.98528269595589,5868_chron
5391,68.98611348539879,5391_chron
5564,68.99024706839768,5564_chron
2285,68.99045905753742,2285_chron
5594,68.99190553320149,5594_chron
4345,68.99519277523162,4345_chron
5302,68.99633976846523,5302_chron
2612,68.9970830140183,2612_chron
5604,69.02612626507383,5604_chron
3999,69.02707319523913,3999_chron
4641,69.03530420418856,4641_chron
5987,69.0369449827237,5987_chron
4911,69.04373082540593,4911_chron
4550,69.05387542848551,4550_chron
3584,69.05950970239175,3584_chron
3183,69.06138677756923,3183_chron
5637,69.07117529458226,5637_chron
5585,69.07570184067902,5585_chron
5332,69.07719306667437,5332_chron
5506,69.08151306554846,5506_chron
2567,69.10550913688624,2567_chron
5683,69.10571612313295,5683_chron2
3488,69.11460360215426,3488_chron
5855,69.12295228466284,5855_chron
5638,69.1233117788518,5638_chron
5444,69.12665329645593,5444_chron2
5289,69.13439920813651,5289_chron
4908,69.14136450534136,4908_chron
5660,69.14446895949445,5660_chron
5599,69.14609999731472,5599_chron
5358,69.14765069260946,5358_chron
5028,69.1485124236463,5028_chron
4746,69.14986278688434,4746_chron
4942,69.15012933719564,4942_chron2
5356,69.16547427333744,5356_chron
5625,69.17251525896748,5625_chron
3942,69.17444224302075,3942_chron
3092,69.179476646937,3092_chron
5591,69.17976070738246,5591_chron
4747,69.18240529329454,4747_chron
4294,69.20619192132392,4294_chron
5105,69.20877617849763,5105_chron
5909,69.21340696363427,5909_chron2
4893,69.2139172175492,4893_chron
4458,69.21935257982554,4458_chron
4333,69.22363901276834,4333_chron
5571,69.22585626636305,5571_chron
5430,69.22970847451782,5430_chron
5230,69.24572762774254,5230_chron
4966,69.25438032823281,4966_chron
5441,69.26128827019367,5441_chron
3464,69.26503185163484,3464_chron
5878,69.26617455434129,5878_chron2
5666,69.29062453261456,5666_chron
5241,69.29256047177437,5241_chron
3120,69.3012515885963,3120_chron
5360,69.30282531883888,5360_chron
5500,69.30425495018791,5500_chron
3316,69.30579473470681,3316_chron
3595,69.30729128545903,3595_chron
5911,69.30831387548037,5911_chron
3446,69.31751308328778,3446_chron
5240,69.33079945265999,5240_chron
4956,69.34523286453752,4956_chron
4915,69.36421984447976,4915_chron
3069,69.36633314035555,3069_chron
5170,69.3674383141567,5170_chron
4762,69.37005846692819,4762_chron2
2352,69.37977576702585,2352_chron
3476,69.38302365305279,3476_chron
4753,69.39630970652296,4753_chron
5127,69.39887285630071,5127_chron
3562,69.40935172624835,3562_chron2
5220,69.41442210242124,5220_chron
3494,69.415474363001,3494_chron
5960,69.42784479765643,5960_chron
5658,69.43036905117133,5658_chron
663,69.43119389904706,663_chron
3101,69.4321059199268,3101_chron
5648,69.4385688759955,5648_chron
1408,69.44255592991762,1408_chron
4867,69.4479955507305,4867_chron
5355,69.45213423574181,5355_chron
4126,69.45369555352497,4126_chron
3564,69.4570042108583,3564_chron
5975,69.45896431271031,5975_chron
5932,69.4647050375619,5932_chron
6039,69.47042874393688,6039_chron
3620,69.4711888838047,3620_chron
5236,69.47360391376986,5236_chron2
5040,69.4760877978853,5040_chron
4740,69.4771060052735,4740_chron
3643,69.4811751526752,3643_chron
5224,69.49293015170498,5224_chron
5966,69.49587987413335,5966_chron
5857,69.49783087144242,5857_chron2
3830,69.4980090994685,3830_chron
5470,69.50110437182792,5470_chron
4881,69.50885978233596,4881_chron
5036,69.51318471848177,5036_chron
5499,69.51542851651462,5499_chron2
1775,69.51782911553953,1775_chron
3993,69.52110365685328,3993_chron
1348,69.52543368036837,1348_chron
2762,69.53567997271406,2762_chron
3820,69.54179173788545,3820_chron
4547,69.54265263523295,4547_chron
5853,69.54309346590176,5853_chron
5120,69.54622893959038,5120_chron
5748,69.54643031397354,5748_chron
4601,69.56566557768822,4601_chron
5392,69.56586865340279,5392_chron
1280,69.56608178850462,1280_chron
2231,69.59585639047039,2231_chron
5985,69.59702311455918,5985_chron
6092,69.60802459302136,6092_chron
5211,69.61311652776912,5211_chron
5788,69.62480320616453,5788_chron
5628,69.62487226895342,5628_chron
3709,69.62675203428226,3709_chron
3239,69.62866809089611,3239_chron
6015,69.63629395689419,6015_chron2
2755,69.64092036677934,2755_chron
2169,69.64478612413805,2169_chron
5259,69.64578555364822,5259_chron
5910,69.6541368511812,5910_chron
4473,69.65807555901131,4473_chron
5301,69.66000123504536,5301_chron
5676,69.66080174397948,5676_chron
5107,69.6608116085181,5107_chron
5768,69.66342415442233,5768_chron
4004,69.66344293697458,4004_chron
3696,69.66398106990212,3696_chron
3604,69.66687557978051,3604_chron
3453,69.67150638893116,3453_chron
4528,69.67833542762865,4528_chron
4895,69.68403019650799,4895_chron
5255,69.69404212805199,5255_chron
4964,69.71979542239389,4964_chron
6185,69.72587331443162,6185_chron
3360,69.72884728609174,3360_chron
4931,69.773304735286,4931_chron2
5264,69.77929042414785,5264_chron
1708,69.7817319321452,1708_chron
5094,69.78290491731318,5094_chron
3153,69.78961157582383,3153_chron
5688,69.79088417181251,5688_chron
4120,69.7909474540177,4120_chron
5823,69.7966782340945,5823_chron
5984,69.79943783572303,5984_chron
5453,69.7999704050926,5453_chron
4961,69.80074893707102,4961_chron
5513,69.80920071007921,5513_chron
5619,69.81027235118174,5619_chron
4607,69.8103307037462,4607_chron
4257,69.81218986119111,4257_chron
3719,69.81719410690616,3719_chron
5697,69.82384813499345,5697_chron
4361,69.82444220342911,4361_chron
2532,69.82624573950552,2532_chron
4262,69.83528927241974,4262_chron
5065,69.84083826101559,5065_chron
5605,69.8409116607779,5605_chron
5333,69.84353194594925,5333_chron
5188,69.84397442080919,5188_chron
5281,69.84999580222824,5281_chron
3277,69.85040036198963,3277_chron
5713,69.85069892509107,5713_chron2
5126,69.85310216705518,5126_chron2
4489,69.85370594542692,4489_chron
5304,69.86671601866466,5304_chron2
5556,69.87165349102222,5556_chron2
5379,69.87219207818143,5379_chron
5295,69.8819830566179,5295_chron2
4683,69.89360815041158,4683_chron
5115,69.897794147413,5115_chron
5739,69.90395950534399,5739_chron
5922,69.90681243528488,5922_chron
4156,69.93160394372858,4156_chron
6035,69.93444941542887,6035_chron
3033,69.94536818383983,3033_chron
5870,69.94947897525827,5870_chron
5965,69.95457270244243,5965_chron2
5505,69.98259734570219,5505_chron2
5336,69.98523200892967,5336_chron
4689,69.98644451111555,4689_chron2
5856,69.98674040676448,5856_chron2
2333,69.98871522135576,2333_chron
2733,69.99268456400878,2733_chron
932,69.99439002573634,932_chron
4385,70.00687447796678,4385_chron
5159,70.00888999446076,5159_chron
5854,70.00896291368484,5854_chron2
5068,70.01797475515527,5068_chron
4765,70.01856002616907,4765_chron
2290,70.05330989285751,2290_chron
4927,70.06067834943987,4927_chron
3902,70.06932438903851,3902_chron
3770,70.07021325589288,3770_chron2
4338,70.08677174128873,4338_chron
3681,70.0890889313806,3681_chron
5185,70.08994929562792,5185_chron
5311,70.09023243402089,5311_chron
5826,70.10686527983468,5826_chron
5417,70.10771907790999,5417_chron
5022,70.11172188339835,5022_chron
4937,70.1171262076041,4937_chron
5027,70.1347704381018,5027_chron
4734,70.1410661939569,4734_chron
6107,70.14450154560339,6107_chron
1817,70.14575996639998,1817_chron
6079,70.16023782814655,6079_chron
5618,70.16222894755228,5618_chron
4660,70.17147119561072,4660_chron
3925,70.17547522442565,3925_chron
5654,70.18040759088885,5654_chron
5759,70.1867486450075,5759_chron
3307,70.18794957294605,3307_chron
4690,70.20413169495367,4690_chron
4372,70.21114275121393,4372_chron
5802,70.21190782692281,5802_chron
6125,70.21593178672055,6125_chron2
6127,70.21679164507923,6127_chron2
3913,70.21842956407518,3913_chron
5783,70.23474084465967,5783_chron2
3390,70.24729826465001,3390_chron
4754,70.25485762413071,4754_chron
5536,70.2585044941596,5536_chron
5643,70.25865274931839,5643_chron
4742,70.26003862945628,4742_chron
6046,70.27250861519633,6046_chron2
3397,70.27442070066277,3397_chron
4958,70.27886437758704,4958_chron
4608,70.28023677538616,4608_chron
5502,70.28719436429029,5502_chron
2147,70.2874356215802,2147_chron
5846,70.28780984797379,5846_chron
5876,70.29727968424854,5876_acute
4444,70.3073105589552,4444_chron
5457,70.31349009177737,5457_chron2
3941,70.31355171163693,3941_chron
4002,70.31627964003367,4002_chron
5504,70.33155794993809,5504_chron
3622,70.33723358507422,3622_chron
5548,70.34592401590994,5548_chron
2869,70.3461856094383,2869_chron
5970,70.34746972783213,5970_chron2
3853,70.34795770573679,3853_chron
6208,70.36424582847626,6208_chron
2710,70.36447095323464,2710_chron
5632,70.36667165829886,5632_chron
5790,70.36875295473662,5790_chron
4724,70.37588012385942,4724_chron
4668,70.39194059037747,4668_chron
3912,70.4041908999966,3912_chron
4134,70.40585413459463,4134_chron
5553,70.41585607445496,5553_chron
3655,70.41778779414642,3655_chron
5395,70.42495406436485,5395_chron
5380,70.4388221953797,5380_chron
5722,70.4389126246952,5722_chron
5877,70.44241957818386,5877_chron
5085,70.44398361557495,5085_chron
5435,70.44413610584733,5435_chron
4998,70.4520137338545,4998_chron
5432,70.48275347072627,5432_chron
3645,70.48333905012518,3645_chron
3160,70.48415204991015,3160_chron
5464,70.48449077867025,5464_chron
5364,70.5035543155244,5364_chron
5195,70.51510716460976,5195_chron
5455,70.5171946390696,5455_chron
4348,70.5211515973072,4348_chron
5216,70.52330859838752,5216_chron
2669,70.531564296549,2669_chron
6072,70.54920242198884,6072_chron
6067,70.55214029532057,6067_chron
5627,70.55355198359024,5627_chron
3141,70.55743816717609,3141_chron
6056,70.56259534266218,6056_chron
4046,70.57280155586493,4046_chron2
4889,70.57808980623906,4889_chron
5690,70.58343186894047,5690_chron
5144,70.59614491374043,5144_chron2
594,70.59728394369667,594_chron
5635,70.59898951477584,5635_chron
5246,70.59947428659868,5246_chron
5248,70.60083570936506,5248_chron
5955,70.61236978016942,5955_chron
1737,70.61321966918963,1737_chron
3322,70.63420998361839,3322_chron
5756,70.64221909010982,5756_chron
5812,70.64341189722015,5812_chron2
3817,70.64372260615431,3817_chron
4287,70.6482764183476,4287_chron
5252,70.64984963012968,5252_chron
4751,70.65198890239948,4751_chron
2876,70.65684611346309,2876_chron
3315,70.65996262699507,3315_chron
4063,70.66296611804809,4063_chron
4450,70.66605623103538,4450_chron
5596,70.67206705798179,5596_chron
5283,70.6865249213992,5283_chron
3011,70.68852887906057,3011_chron
4619,70.69491966701281,4619_chron
3735,70.69492286026728,3735_chron
5808,70.69493968792408,5808_chron2
6001,70.6975059761637,6001_chron2
5942,70.69752294846712,5942_chron2
6053,70.7011757306005,6053_chron
5930,70.71392295584496,5930_chron2
6098,70.71435970163773,6098_chron
5755,70.71675979162396,5755_chron
5422,70.72047775773463,5422_chron
5623,70.72600328073855,5623_chron
5943,70.73022229965424,5943_chron
3105,70.73737117961888,3105_chron
3810,70.73949563989991,3810_chron
5031,70.74190247835816,5031_chron
5741,70.74671328147853,5741_chron
4955,70.74929641993282,4955_chron
5209,70.75439896667557,5209_chron
6191,70.7649800393263,6191_chron2
5221,70.7683718764404,5221_chron2
5523,70.77384990260616,5523_chron
5616,70.77517288902754,5616_chron2
5565,70.78904062066066,5565_chron
5433,70.79023422279187,5433_chron2
3240,70.79496498708285,3240_chron
5306,70.79878979186772,5306_chron
4213,70.79942699610115,4213_chron
5439,70.80949030336508,5439_chron2
5629,70.81503710541891,5629_chron
4036,70.82006014086276,4036_chron
4713,70.82892966099995,4713_chron
5183,70.83353379976947,5183_chron
2211,70.83653357324539,2211_chron
5021,70.84020529033631,5021_chron2
4965,70.84865376094955,4965_chron
6045,70.85139445469927,6045_chron
6012,70.85526201277588,6012_chron
3324,70.85713775824162,3324_chron
2375,70.85791423708483,2375_chron
5691,70.85806719804232,5691_chron
3827,70.87159005065459,3827_chron
4687,70.87890635351825,4687_chron
3831,70.8798019447162,3831_chron2
4055,70.88224165134793,4055_chron
4596,70.88442997675713,4596_chron
6084,70.88982105907759,6084_chron
5369,70.89111397354411,5369_chron
6126,70.89733988098575,6126_chron
5776,70.91456636245884,5776_chron
5715,70.91709496403598,5715_chron
6270,70.930193866409,6270_chron
690,70.93129367392284,690_chron
5418,70.93253125751598,5418_chron2
5811,70.93695731634784,5811_chron2
3047,70.94397546285893,3047_chron
4513,70.94779882512712,4513_chron
4407,70.94808699964915,4407_chron
5547,70.96188798307632,5547_chron
5948,70.9626249681364,5948_chron
5809,70.96693447781949,5809_chron
5267,70.98550021934247,5267_chron
6064,70.99386097803429,6064_chron
5991,70.99537688646647,5991_chron
5198,70.9968233286935,5198_chron
5573,71.00070095293451,5573_chron
5844,71.00196639723222,5844_chron
6197,71.00200743246532,6197_chron2
3505,71.00283846234021,3505_chron
5161,71.00669281063142,5161_chron
2049,71.01465553271333,2049_chron
4975,71.01921430297095,4975_chron
6033,71.02605229832511,6033_chron
3659,71.04437972032214,3659_chron
5901,71.04863900895569,5901_chron
5912,71.07154709336528,5912_chron
3096,71.07184605442006,3096_chron
5769,71.07426871107315,5769_chron
5197,71.07722332177808,5197_chron
3599,71.07857942362311,3599_chron
4430,71.08582088635858,4430_chron
5732,71.1112043503709,5732_chron
6037,71.11170248740481,6037_chron
1140,71.11618125512727,1140_chron
5727,71.1269419558772,5727_chron
6117,71.1440961553283,6117_chron2
3161,71.14734480319453,3161_chron
4604,71.15281272378381,4604_chron
4434,71.15999425839529,4434_chron
4349,71.17413080885841,4349_chron2
4414,71.17454729647329,4414_chron
5232,71.21692065380033,5232_chron
6291,71.22475889829985,6291_chron
5905,71.2261624481604,5905_chron2
3423,71.23128452653339,3423_chron
4559,71.2395631117927,4559_chron
5497,71.25825525695959,5497_chron
2921,71.26147218123023,2921_chron
6097,71.26494050734432,6097_chron2
1605,71.27303860732299,1605_chron
4921,71.28802672413431,4921_chron
4275,71.2992444666712,4275_chron
2741,71.30120143340459,2741_chron
6254,71.30304028388662,6254_chron
5456,71.31079644239865,5456_chron
4599,71.31850671222983,4599_chron
2684,71.33236523975584,2684_chron
5172,71.34331183225017,5172_chron
3392,71.34696841566867,3392_chron
5825,71.35619650361966,5825_chron
4635,71.37584087680446,4635_chron
4922,71.37642794629784,4922_chron
5563,71.37792915523197,5563_chron2
5832,71.38189227201461,5832_chron
1786,71.38611389358846,1786_chron
6176,71.38790577916824,6176_chron2
6007,71.40607538671509,6007_chron
4313,71.41114593208634,4313_chron
5142,71.41289159399022,5142_chron
5941,71.41738583429203,5941_chron
3623,71.42044955300194,3623_chron
4953,71.42097933520088,4953_chron
5261,71.43339561202754,5261_chron
3152,71.45863205147074,3152_chron
6087,71.45970091664981,6087_chron
6354,71.46282204767363,6354_chron
6217,71.46385798797307,6217_acute2
4549,71.46457817351268,4549_chron2
5099,71.46986966848392,5099_chron2
5644,71.47616862010942,5644_chron
6240,71.4834053176483,6240_chron2
280,71.48941605880776,280_chron
5519,71.49200957636049,5519_chron
5754,71.49287527182892,5754_chron
5971,71.49703709528787,5971_chron
5717,71.49860266385434,5717_chron
6102,71.50323073209645,6102_chron
4212,71.50417388874668,4212_chron
5833,71.50418713564385,5833_chron2
4802,71.5080549943121,4802_chron
6172,71.51570355258453,6172_chron
6168,71.51895379042774,6168_chron
4340,71.52004933214953,4340_chron
5460,71.52660132457218,5460_chron
6095,71.52796547006602,6095_chron2
2472,71.53316893493617,2472_chron
5784,71.53752453487526,5784_chron
2949,71.542877509883,2949_chron
5345,71.54312271995757,5345_chron
5924,71.54915840092731,5924_chron
2479,71.55211757458157,2479_chron
5517,71.55397966231573,5517_chron2
3334,71.55775581669816,3334_chron
5837,71.56691595875522,5837_chron
6289,71.57680743996437,6289_chron2
2877,71.5781547490326,2877_chron
4643,71.57902238088082,4643_chron
6022,71.57957280847384,6022_chron
6290,71.58140723710152,6290_chron
1402,71.58333279625951,1402_chron
5612,71.59240771804268,5612_chron
5182,71.60482459483922,5182_chron
3121,71.6090905729822,3121_chron
6156,71.61073584505385,6156_chron
5782,71.61449564344733,5782_chron
5191,71.61517889765112,5191_chron
5477,71.61972162268154,5477_chron2
6155,71.62815491351729,6155_chron
5879,71.62939716828102,5879_chron2
5276,71.63130201264883,5276_chron2
5017,71.63346783731255,5017_chron
6433,71.63858739830059,6433_acute
2527,71.66241431626369,2527_chron
5875,71.68484341932007,5875_chron
5400,71.70662415109763,5400_chron
6016,71.71352115643532,6016_chron
5260,71.72189275737529,5260_chron
3600,71.72701920370591,3600_chron
5447,71.73196097492658,5447_chron
5761,71.74927176262271,5761_chron
6353,71.75546666218509,6353_chron2
5694,71.76362549476397,5694_chron
5731,71.76443166863882,5731_chron
6295,71.76977816206656,6295_chron2
6278,71.77108772797246,6278_chron2
6372,71.77311080098741,6372_chron
5897,71.7750281055063,5897_chron
5709,71.7761602478465,5709_chron
5949,71.78736950731556,5949_chron2
5056,71.7913058913618,5056_chron
5931,71.79608044142239,5931_chron
2981,71.79982494618328,2981_chron
6361,71.80172532034088,6361_chron
1447,71.80517152264169,1447_chron
4429,71.80567161302002,4429_chron
4139,71.80796631882436,4139_chron
6110,71.8086709451494,6110_chron
5323,71.81692810903796,5323_chron
6414,71.81757541422678,6414_chron2
6108,71.82395214765876,6108_chron
5084,71.83655333320698,5084_chron
6419,71.84418252643404,6419_chron2
4009,71.85598470588215,4009_chron
3266,71.86167997683567,3266_chron
5322,71.87112335628309,5322_chron
3521,71.87508930962339,3521_chron
5384,71.87601662105038,5384_chron
3045,71.91316022848572,3045_chron
5371,71.91949854371919,5371_chron
6391,71.92230916692479,6391_chron2
5989,71.92741868459514,5989_chron
5758,71.92935685507078,5758_chron
5928,71.93712518193375,5928_chron
5757,71.93745650594586,5757_chron
4711,71.94862699009167,4711_chron
3960,71.95973700458543,3960_chron
6057,71.9600634237933,6057_chron
1689,71.98074677767524,1689_chron
5610,71.9932414220718,5610_chron
6215,72.00303711873386,6215_chron2
5555,72.00356890698599,5555_chron
6068,72.01415342655808,6068_chron
6250,72.02230449474884,6250_chron
5810,72.02239897085431,5810_chron
1007,72.02816650945007,1007_chron
6044,72.02965350641628,6044_chron2
1953,72.03305729701793,1953_chron
6249,72.03785784375147,6249_chron
5819,72.0622418553935,5819_chron
6151,72.07181597848694,6151_chron
3573,72.07925430247825,3573_chron
5836,72.09056551042629,5836_chron
4824,72.09311727966949,4824_chron
5279,72.09523934348543,5279_chron
4258,72.10090714663076,4258_chron
5992,72.10498692671193,5992_chron
6105,72.11907973644976,6105_chron
4310,72.13875815700737,4310_chron
6303,72.14191491229141,6303_chron2
5951,72.14284452519453,5951_chron2
477,72.14747554672039,477_chron
2294,72.14820200454993,2294_chron
6181,72.16559713866793,6181_chron
4207,72.16614783187065,4207_chron
6014,72.1806192358944,6014_chron
5479,72.18191114377971,5479_chron
4442,72.19804717990297,4442_chron
5584,72.20333744235006,5584_chron
4678,72.2151963034129,4678_chron
6061,72.22202229343286,6061_chron
6416,72.22250740461364,6416_chron
3868,72.22479929935334,3868_chron
6198,72.23310969836228,6198_chron
3040,72.24016177426812,3040_chron
5541,72.24326265313226,5541_chron
5871,72.25111014420736,5871_chron2
5434,72.25526633423418,5434_chron
6136,72.26754938994254,6136_chron2
3758,72.26810879310196,3758_chron
4225,72.29808426237172,4225_chron
4515,72.3040561432791,4515_chron
6328,72.32103468135908,6328_chron
5893,72.3228388129114,5893_chron
2046,72.33365411325,2046_chron
5766,72.33674192386638,5766_chron
5437,72.3382047194756,5437_chron
5325,72.34141076328663,5325_chron
3840,72.36083090909037,3840_chron
6073,72.37232793059722,6073_chron2
6023,72.38025727169646,6023_chron
5458,72.38135602084071,5458_chron
6323,72.38146247150046,6323_chron
5729,72.38279716065475,5729_chron
6128,72.38846083784053,6128_chron
6043,72.38892157307671,6043_chron2
3290,72.41186503968493,3290_chron
6161,72.41275883557431,6161_chron
3049,72.42646620620708,3049_chron
5806,72.4440423661401,5806_chron2
4684,72.45291957528347,4684_chron
5354,72.45382324256805,5354_chron
5496,72.45481366428007,5496_chron
5602,72.45742028953197,5602_chron
5744,72.47208573955037,5744_chron
6242,72.47273360854322,6242_chron
5794,72.47682093243095,5794_chron
1643,72.48816128175993,1643_chron
3674,72.4970677790394,3674_chron
6450,72.49981914878208,6450_chron2
6018,72.5010673173833,6018_chron
5874,72.50268300675079,5874_chron
6381,72.51856430169511,6381_chron2
2745,72.52436325336427,2745_chron
6171,72.54031344129807,6171_chron2
6277,72.54098174075148,6277_chron2
5562,72.54325364389624,5562_chron
5904,72.54667189029782,5904_chron2
6454,72.55399895942625,6454_chron
6524,72.5577801172086,6524_acute2
6320,72.56198375409926,6320_chron2
4520,72.5639246510652,4520_chron
5319,72.56414471444883,5319_chron
5738,72.57251113300154,5738_chron
5892,72.5746126509336,5892_chron2
5480,72.57574805833362,5480_chron
5405,72.57716532451425,5405_chron
5595,72.58075559413888,5595_chron
5998,72.58244084541838,5998_chron
3538,72.58441021882034,3538_chron
6003,72.58460653878973,6003_chron
4336,72.5858135440423,4336_chron
6142,72.59071403016752,6142_chron
5265,72.59219787636657,5265_chron
6404,72.59242909821754,6404_chron
6351,72.59350343929029,6351_chron
5015,72.59806196609763,5015_chron
6467,72.59855679910511,6467_chron
2174,72.61677493115032,2174_chron
4543,72.6192780003464,4543_chron
4933,72.6287501747737,4933_chron
5467,72.62923649600673,5467_chron
6175,72.64542036549582,6175_chron
4680,72.65012827966753,4680_chron
5406,72.65273552063016,5406_chron
5485,72.65899188148738,5485_chron
6167,72.69741469339633,6167_chron2
6083,72.70520572334453,6083_chron
6222,72.70656323460007,6222_chron
5730,72.71153891955245,5730_chron
1692,72.7162718424399,1692_chron
5145,72.72730496163616,5145_chron
6502,72.72842852167403,6502_chron
3736,72.7410542501605,3736_chron
6010,72.74943026488175,6010_chron
3220,72.75875812496696,3220_chron
6308,72.77135361984205,6308_chron
4647,72.78766891490844,4647_chron
5530,72.8038354617109,5530_chron2
4990,72.80713523205033,4990_chron
6134,72.81738242814117,6134_chron2
6516,72.82531076272086,6516_chron2
6384,72.83795240603824,6384_chron
6081,72.84397559656935,6081_chron
6114,72.85106670920894,6114_chron2
6227,72.85161388961926,6227_chron
4738,72.85812710554328,4738_chron
2806,72.86096110291605,2806_chron
6283,72.86184215461229,6283_chron
6164,72.86855290755632,6164_chron
5719,72.88155011013582,5719_chron
6392,72.8838031013179,6392_chron
5285,72.88522316759837,5285_chron
5314,72.8873214881022,5314_chron2
5996,72.90122918992186,5996_chron
5592,72.90457033825197,5592_chron
5508,72.91205362043857,5508_chron
3513,72.91346200327853,3513_chron
1656,72.9232154011546,1656_chron
4789,72.92355556373144,4789_chron
5670,72.92722378992987,5670_chron2
6510,72.92993291259471,6510_chron
6032,72.9302780905909,6032_chron
6229,72.933072007809,6229_chron
6371,72.93511041240997,6371_chron2
6150,72.94019371295578,6150_chron
6340,72.9423163078821,6340_chron
4328,72.94801529042553,4328_chron
6537,72.94987464598567,6537_acute
4699,72.94989794575008,4699_chron
6357,72.96623877568827,6357_chron
6237,72.9771124629975,6237_chron
4994,72.97783217874499,4994_chron
6536,72.9799678343105,6536_chron2
3327,72.9866422117999,3327_chron
6173,72.98765111385256,6173_chron
5071,72.98897638320065,5071_chron
2190,72.99412699515761,2190_chron
6260,72.9953396223679,6260_chron
2964,73.00570242504654,2964_chron
6279,73.00710071144614,6279_chron2
3136,73.0188837289394,3136_chron
5493,73.02163829749743,5493_chron
5621,73.03670959053916,5621_chron
4424,73.0434645518802,4424_chron
6306,73.046851507659,6306_chron2
2058,73.05280030720506,2058_chron
4321,73.06064945727097,4321_chron
5074,73.06441589530505,5074_chron
4701,73.07254641743212,4701_chron
6364,73.08423725950868,6364_chron
5057,73.08492272332064,5057_chron
5245,73.10387067646181,5245_chron
6139,73.11211416094817,6139_chron
6266,73.11287561172595,6266_chron
2756,73.11931775302966,2756_chron
6373,73.1205338081483,6373_chron2
4493,73.125829507669,4493_chron
5491,73.1411491026573,5491_chron
2324,73.14288441943717,2324_chron
4632,73.14979524796202,4632_chron
6440,73.15913904213963,6440_chron
6568,73.17207396685336,6568_acute2
2145,73.17619171542529,2145_chron
2663,73.18717627686699,2663_chron
6632,73.18879044419673,6632_acute
5179,73.19032517267728,5179_chron
4887,73.19681479207752,4887_chron
1944,73.19913329265188,1944_chron
5385,73.19927726403837,5385_chron
4432,73.20838471311664,4432_chron
6200,73.21339036221495,6200_chron
5509,73.22074375220944,5509_chron
6220,73.24524622116057,6220_chron
6411,73.24545311399432,6411_chron
3441,73.24850921817854,3441_chron
6252,73.25214517936577,6252_chron
6337,73.26085513824641,6337_chron2
3794,73.2724156142541,3794_chron
4722,73.28701496883583,4722_chron
2489,73.29248280919262,2489_chron
6165,73.30093407441211,6165_chron
6153,73.30348583626221,6153_chron
5982,73.31169493992806,5982_chron
5408,73.32158241389516,5408_chron
6313,73.3222935732342,6313_chron
5622,73.32604759212668,5622_chron
5764,73.34422498871963,5764_chron
5478,73.3449825737304,5478_chron
4044,73.35418124327234,4044_chron2
2497,73.35488005756352,2497_chron
5781,73.37731051595075,5781_chron
4983,73.39375563884339,4983_chron
6288,73.3993468493609,6288_chron
5663,73.40038038273006,5663_chron
4792,73.40507372273842,4792_chron
4135,73.40749333128926,4135_chron
5630,73.41005520036029,5630_chron
6488,73.41170273970067,6488_chron
5831,73.41198800708756,5831_chron
6475,73.41243445097697,6475_chron
1470,73.42413368472921,1470_chron
6065,73.43138897766913,6065_chron
5707,73.44920736601537,5707_chron
6241,73.44934292070612,6241_chron
5706,73.45020634478851,5706_chron
4488,73.4630086797152,4488_chron
1647,73.47217858819481,1647_chron
5058,73.47903737474455,5058_chron
4175,73.47978411493025,4175_chron
1433,73.48611400679512,1433_chron
6531,73.48647430801162,6531_chron
4374,73.49363323925307,4374_chron
5288,73.49612798992655,5288_chron
4864,73.49911431784412,4864_chron
1845,73.519251170611,1845_chron
6115,73.52177469410292,6115_chron
6356,73.52628431479566,6356_chron
5777,73.53509506855595,5777_chron
6532,73.55158710948929,6532_chron
4038,73.56534584992481,4038_chron
6389,73.5884600407081,6389_chron2
4168,73.5965800947564,4168_chron
3686,73.59758145354783,3686_chron
6406,73.60549095650113,6406_chron
3992,73.60938112651343,3992_chron
6620,73.61214710082758,6620_chron
4453,73.62135262049705,4453_chron
6246,73.62945703762684,6246_chron2
5141,73.6352376193538,5141_chron
6563,73.63857732798503,6563_chron
6456,73.6442425077018,6456_chron2
3070,73.66084587288228,3070_chron
5095,73.66654096489275,5095_chron
5686,73.67137745654827,5686_chron
6272,73.67333928474999,6272_chron
6017,73.68046836984193,6017_chron
2513,73.70119246694898,2513_chron
6325,73.7020343645419,6325_chron
6273,73.7109901833675,6273_chron
4377,73.7126513816173,4377_chron
5342,73.71848833806487,5342_chron
6490,73.72118609453523,6490_acute
6359,73.72256581821253,6359_chron
2963,73.72329668287087,2963_chron
6021,73.73256824207034,6021_chron
6589,73.73597215535463,6589_chron2
5972,73.74478232160159,5972_chron
5152,73.74534979568926,5152_chron
6429,73.75150946849514,6429_chron
4056,73.75583638326752,4056_chron
5363,73.75690271220773,5363_chron
3323,73.75825917355226,3323_chron
1436,73.75963156806031,1436_chron
4030,73.76835685662525,4030_chron
6169,73.76891237007446,6169_chron
5801,73.7738029087997,5801_chron
4780,73.79053897606906,4780_chron
5920,73.79965759304221,5920_chron
5146,73.82125284722692,5146_chron
6228,73.82797493241485,6228_chron2
5158,73.83497287421723,5158_chron2
1801,73.84623173681128,1801_chron
5199,73.8512273406438,5199_chron
5510,73.86167287282454,5510_chron
6275,73.87713294579697,6275_chron
3727,73.89690320486297,3727_chron
6195,73.8972407561445,6195_chron
3511,73.90449085760237,3511_chron
6442,73.90806645674996,6442_chron2
4924,73.90869816061016,4924_chron
4651,73.90952553953616,4651_chron
6471,73.92151268557693,6471_chron
6080,73.93077226390709,6080_chron2
6183,73.93321829041368,6183_chron
5275,73.93353589766173,5275_chron
5174,73.93644157925004,5174_chron
5749,73.9551472958691,5749_chron
5863,73.9595232092343,5863_chron2
6026,73.96710187390062,6026_chron
4729,73.97098104859117,4729_chron
5534,73.9725076760119,5534_chron2
6637,73.9930080731974,6637_chron
6428,73.99942255393088,6428_chron2
4614,74.00155166032849,4614_chron
5995,74.00907569999059,5995_chron
3570,74.02784884070932,3570_chron
5753,74.03266197105921,5753_chron2
5383,74.04708943130953,5383_chron
6119,74.05395537535797,6119_chron
3463,74.07082942023493,3463_chron
6477,74.07169775024519,6477_chron2
1200,74.08372045250847,1200_chron
6427,74.08857597642641,6427_chron
5551,74.0982518396179,5551_chron
4826,74.11572730491615,4826_chron
5710,74.13663026300988,5710_chron
6683,74.14046114325893,6683_chron
6648,74.14212632661047,6648_chron
5762,74.14413696746817,5762_chron
6088,74.14961395512,6088_chron
6635,74.16215369609588,6635_chron2
6555,74.16401156650787,6555_chron2
5716,74.16570038788157,5716_chron
5973,74.16872963936127,5973_chron2
5446,74.17304010157422,5446_chron
5396,74.17627426266573,5396_chron
4763,74.19012675701856,4763_chron
3640,74.19132907453735,3640_chron
6401,74.19478698010711,6401_chron2
4560,74.20288021405645,4560_chron
3791,74.21034143147008,3791_chron
1794,74.21290249075203,1794_chron
5923,74.21642483328348,5923_chron
4823,74.21866256622734,4823_chron
4888,74.2214555435488,4888_chron
6343,74.22276647117856,6343_chron2
6476,74.22869295799437,6476_chron
6138,74.23038940409218,6138_chron
4185,74.24026306465188,4185_chron
6375,74.24433494743312,6375_chron
6465,74.24956849083264,6465_chron2
6495,74.25348229492523,6495_acute
4093,74.2544888489007,4093_chron
6244,74.26324038679324,6244_chron
6662,74.26482946407076,6662_chron2
5711,74.26812290719126,5711_chron
5243,74.2733826661049,5243_chron
6464,74.2767619745968,6464_chron
6048,74.27809625673112,6048_chron2
5063,74.28099455944724,5063_chron
4522,74.28167434691466,4522_chron
6447,74.28738866182049,6447_chron2
6462,74.29207854406418,6462_chron
6437,74.31930914716817,6437_chron
5862,74.32381481073912,5862_chron
4220,74.3290484274457,4220_chron
4189,74.33814753957142,4189_chron
3725,74.34039669458771,3725_chron
5424,74.34386508121528,5424_chron
6341,74.34911149695971,6341_chron
6137,74.35582529879078,6137_chron
1629,74.35943038911024,1629_chron
6093,74.36055535552138,6093_chron
6424,74.37949755323595,6424_chron
5820,74.38275632020603,5820_chron
5205,74.38357950394045,5205_chron
6607,74.40321316331438,6607_chron
5962,74.40574931930115,5962_chron
6588,74.4090960397529,6588_chron2
6491,74.41486123317327,6491_chron
5108,74.41888176720917,5108_chron
4205,74.42285583946844,4205_chron
6619,74.42358062728856,6619_chron
4760,74.43670570617822,4760_chron
6455,74.43948388308556,6455_chron
6739,74.44158816500138,6739_chron
5397,74.47289559081926,5397_chron
4935,74.48771081105359,4935_chron
5718,74.49101089098077,5718_chron
4842,74.49170554770036,4842_chron
3140,74.49525928563172,3140_chron
6091,74.51199438921635,6091_chron
6504,74.52657493409295,6504_chron
6268,74.52788289198773,6268_chron2
4976,74.53316268753431,4976_chron
4318,74.53447832706671,4318_chron
5903,74.53631855500342,5903_chron2
6628,74.54075249738302,6628_chron2
3320,74.54102425642253,3320_chron
4192,74.56861697550946,4192_chron
4214,74.56955370936227,4214_chron
5939,74.57881376003331,5939_chron
5981,74.59014685564668,5981_chron
5253,74.59086119178552,5253_chron
5069,74.59670335933369,5069_chron
4223,74.6027987130703,4223_chron
4233,74.60995217371219,4233_chron
5845,74.61657246882372,5845_chron2
5013,74.61793644846034,5013_chron
4402,74.61907818630813,4402_chron
3387,74.61991600297155,3387_chron
6280,74.63622885920284,6280_chron
4757,74.63919819924322,4757_chron
6403,74.64044019155311,6403_chron
5184,74.64561023384219,5184_chron
6782,74.66239513721291,6782_chron2
5531,74.67167958167204,5531_chron
6235,74.67748197793834,6235_chron
6212,74.68120397737647,6212_chron2
6764,74.69020287762714,6764_chron
6319,74.6978752643741,6319_chron
4854,74.71762792666733,4854_chron
5896,74.7201024555402,5896_chron
6366,74.72259075524998,6366_chron2
4400,74.72274203861478,4400_chron
5720,74.72601279459988,5720_chron
6660,74.72858233413912,6660_chron2
5527,74.73151235182647,5527_chron2
6292,74.75165408885206,6292_chron
6159,74.75527044484934,6159_chron
3863,74.76313877733182,3863_chron
6548,74.77273544594192,6548_chron2
3593,74.77282140094601,3593_chron
3103,74.78699239664473,3103_chron
5533,74.79895099059435,5533_chron
2704,74.80325685584103,2704_chron
2481,74.80999326998915,2481_chron
6024,74.81470286050104,6024_chron
6810,74.8294270817979,6810_acute
6811,74.83085069606511,6811_acute
6426,74.83348227899481,6426_chron
5362,74.83583039202591,5362_chron
6498,74.84585777987287,6498_chron
6118,74.8514515824294,6118_chron
6530,74.85620714197549,6530_chron2
6675,74.87017251755613,6675_chron
6192,74.87109963681634,6192_chron2
5164,74.87477774422123,5164_chron
5452,74.876196384938,5452_chron
4755,74.89043434742858,4755_chron
4640,74.89114076974761,4640_chron
6420,74.90182769251075,6420_chron
6226,74.90612775699884,6226_chron
5772,74.90999838284722,5772_chron
5009,74.91404874737272,5009_chron
6346,74.9260803135926,6346_chron
2935,74.9313893112547,2935_chron
6579,74.932785603324,6579_chron
6123,74.9479099204584,6123_chron
6667,74.96574282846326,6667_chron2
5603,74.97508232775763,5603_chron
6664,74.97603082676385,6664_chron
6653,74.97763311492817,6653_chron2
6318,74.98370834050667,6318_chron
6645,74.9913067378114,6645_chron
6294,74.99394181180865,6294_chron2
6470,74.99880398356922,6470_chron
6482,75.00559270908656,6482_chron2
6293,75.00832277350828,6293_chron
4568,75.00878609453503,4568_chron
6104,75.00879323561979,6104_chron
6697,75.02730091170194,6697_chron2
6765,75.02822631435751,6765_acute2
6248,75.0395485627588,6248_chron
3895,75.04536493398803,3895_chron
4745,75.04700839832824,4745_chron
4950,75.05002606686203,4950_chron
6592,75.05181177436386,6592_chron2
6540,75.05307741263984,6540_chron
4844,75.05478109645445,4844_chron
6094,75.05820455231829,6094_chron
6666,75.0586995715186,6666_chron2
6553,75.06040949961806,6553_chron2
6512,75.07851888461947,6512_chron
6145,75.08020147453104,6145_chron
6365,75.08268340419886,6365_chron
6769,75.10151595713111,6769_chron
6388,75.10660847081948,6388_chron2
950,75.10941335542074,950_chron
6762,75.1111852146386,6762_chron
4843,75.12222321038398,4843_chron
5701,75.12732334813768,5701_chron
2361,75.13046193866401,2361_chron
6042,75.1316223583676,6042_chron
6564,75.14717794173818,6564_chron
5003,75.15358061818472,5003_chron
5821,75.15432541308701,5821_chron
4469,75.1643852126197,4469_chron
5813,75.17546230999045,5813_chron
6784,75.18774691299885,6784_chron
4968,75.20134499240244,4968_chron
6687,75.20179502842167,6687_chron
5639,75.20959189334866,5639_chron
3264,75.21087474414749,3264_chron
6376,75.21913691572891,6376_chron
6055,75.22982603843884,6055_chron
6650,75.23444048933457,6650_chron
6336,75.23686940470864,6336_chron2
6649,75.24196046021014,6649_chron
6214,75.24335923966122,6214_chron
6578,75.24816922007248,6578_chron
5994,75.25486330210094,5994_chron
4809,75.26362856821547,4809_chron
6445,75.26373681283387,6445_chron
3052,75.26552888811447,3052_chron
5895,75.27186524398752,5895_chron2
6629,75.27557590963153,6629_chron
6036,75.28451880171184,6036_chron
5662,75.28622212031551,5662_chron
4733,75.28656092218586,4733_chron
4977,75.2934098108798,4977_chron2
6298,75.29441073012971,6298_chron
6301,75.3026150623286,6301_chron
6383,75.3035390609451,6383_chron
6749,75.3045331200324,6749_chron
6677,75.31112759494049,6677_chron2
6133,75.31417861003263,6133_chron
6236,75.31513259060395,6236_chron
5665,75.34643597472717,5665_chron
5974,75.35688460270121,5974_chron
6574,75.37007119527497,6574_chron
5908,75.37077396661437,5908_chron2
2168,75.37345570907901,2168_chron
6099,75.37779241343281,6099_chron
5838,75.38197606547172,5838_chron
4266,75.38447031661293,4266_chron
4781,75.38523482233072,4781_chron
1285,75.38893622418364,1285_chron
4831,75.3932756672048,4831_chron
4231,75.40489198909121,4231_chron
6339,75.40621434090919,6339_chron
4721,75.41646122112572,4721_chron
3694,75.42286035245196,3694_chron
4907,75.42612381197016,4907_chron
4376,75.4261562262457,4376_chron
6542,75.42704819396359,6542_chron
6449,75.43509370197684,6449_chron
6076,75.44326326824213,6076_chron
5487,75.45566467288839,5487_chron
4778,75.45664774355588,4778_chron
6469,75.47276076252469,6469_chron
6670,75.47429966614419,6670_chron2
6725,75.48060074334876,6725_chron
6147,75.49816509195206,6147_chron
6685,75.50068804159608,6685_chron
6879,75.50510862308725,6879_chron2
5742,75.50764054111367,5742_chron
6696,75.50870735440841,6696_chron
6489,75.52234816476196,6489_chron
6688,75.55217289627446,6688_chron
5818,75.55958717813998,5818_chron
6332,75.5660558952335,6332_chron2
2736,75.56724680419109,2736_chron
4066,75.57787746409514,4066_chron
6082,75.583853717814,6082_chron
5884,75.60283834824078,5884_chron
6738,75.6170809576986,6738_chron2
6004,75.61937756841199,6004_chron
3491,75.62853075631368,3491_chron
5864,75.63045835430943,5864_chron
6309,75.63322289533062,6309_chron
5919,75.65945045139037,5919_chron
6866,75.66153430366165,6866_acute2
6496,75.66196509804381,6496_chron
6756,75.66353792579986,6756_chron2
6179,75.67389777611186,6179_chron2
2947,75.67599544491367,2947_chron
6402,75.678976163167,6402_chron
6707,75.68139081247129,6707_chron
6148,75.68557212921924,6148_chron
6028,75.68760725899169,6028_chron
5773,75.7026338866136,5773_chron
6820,75.70743840207238,6820_acute2
6203,75.71006938925062,6203_chron
3265,75.71015842619543,3265_chron
6479,75.71609659400349,6479_chron
6396,75.72733056913977,6396_chron
4577,75.72802425562182,4577_chron
6746,75.7378944500511,6746_chron
6020,75.76445266604561,6020_chron
6742,75.76888890026686,6742_chron
6006,75.77277959434531,6006_chron
4702,75.77604793031112,4702_chron
5890,75.7761693922236,5890_chron
4198,75.77875281291352,4198_chron
6643,75.7810526325716,6643_chron2
2544,75.7837007077844,2544_chron
6060,75.80885288862103,6060_chron2
4815,75.81090590891736,4815_chron
6327,75.82155389879009,6327_chron
3845,75.82877111966793,3845_chron
6525,75.83147733692793,6525_chron2
6533,75.8397565505755,6533_chron2
3135,75.85645482046317,3135_chron
5953,75.85779407631608,5953_chron
4539,75.85860337361197,4539_chron
6013,75.86136578883594,6013_chron
6174,75.906046973118,6174_chron
6807,75.90689415098943,6807_chron
5803,75.9076012011074,5803_chron
4289,75.92164983478902,4289_chron
6890,75.93302740274578,6890_acute
1124,75.94301711582204,1124_chron
6590,75.94586329344553,6590_chron
6599,75.95185681985136,6599_chron2
179,75.96344368919837,179_chron
6889,75.97139456704848,6889_chron
5308,75.97438633937738,5308_chron
6239,75.97494932957527,6239_chron2
6186,75.97696589395252,6186_chron
6430,75.98133916594716,6430_chron
5785,75.98894640538819,5785_chron
4501,75.99708391303191,4501_chron
3798,76.00560001926225,3798_chron
6193,76.00889070861942,6193_chron
6832,76.02268519289548,6832_chron
5735,76.02697186592653,5735_chron
6206,76.03035671762026,6206_chron
6232,76.03175961107851,6232_chron
6659,76.03872361402868,6659_chron
2852,76.0393903419727,2852_chron
5271,76.04436495688984,5271_chron
5835,76.04738550389384,5835_chron
6841,76.06159085891721,6841_chron2
6059,76.07542537749462,6059_chron
6587,76.09435477591542,6587_chron
6400,76.09934909638694,6400_chron
4263,76.10747736937851,4263_chron
5468,76.10769760749756,5468_chron
5399,76.1136354652966,5399_chron
4021,76.12006270846014,4021_chron
2009,76.12303792754487,2009_chron
6602,76.131554578666,6602_chron
1520,76.1349934196973,1520_chron
4812,76.14624565467528,4812_chron
4872,76.14859948398046,4872_chron
6131,76.17267472454489,6131_chron
5950,76.17657422953289,5950_chron
6792,76.17815184323443,6792_chron2
6444,76.19079447235215,6444_chron
5791,76.19855720158965,5791_chron
3714,76.19911953997061,3714_chron
6243,76.20670551260781,6243_chron
6112,76.2203892390015,6112_chron
6566,76.22127788753464,6566_chron2
4540,76.22220977869081,4540_chron
6296,76.2274639178665,6296_chron
6100,76.2301576397262,6100_chron2
5474,76.23485101926772,5474_chron
6898,76.23666293300778,6898_acute2
5914,76.23786209545004,5914_chron
5750,76.24682628336707,5750_chron2
6218,76.25798861374248,6218_chron
4576,76.2631591031506,4576_chron
6754,76.26402263727736,6754_chron
5609,76.26765812522851,5609_chron
5535,76.28551236778532,5535_chron2
5367,76.29257632103672,5367_chron
6284,76.30133390862711,6284_chron
5980,76.31220120724099,5980_chron
6409,76.31269424882159,6409_chron
3358,76.31360343578095,3358_chron
6425,76.3170904947272,6425_chron2
6189,76.31969619224397,6189_chron
6860,76.33453467938037,6860_chron2
6823,76.34639484817873,6823_chron
6562,76.34792100946643,6562_chron
6888,76.3527394153054,6888_chron2
588,76.36575432377764,588_chron
6575,76.36588025098415,6575_chron
3490,76.36876621697012,3490_chron
6113,76.37164525077613,6113_chron
5859,76.38364926758653,5859_chron
6856,76.39077613821156,6856_chron2
4946,76.39298593303911,4946_chron
6576,76.39588489080472,6576_chron
6690,76.40634242887154,6690_chron
4709,76.40642101390107,4709_chron
6256,76.40889960900046,6256_chron
5873,76.4113681597788,5873_chron
5883,76.41309353332917,5883_chron
6727,76.41359898014801,6727_chron2
6757,76.41901341444823,6757_chron
6160,76.42293689431534,6160_chron
6572,76.43408996697137,6572_chron2
2893,76.45680524320947,2893_chron
6130,76.45916253371954,6130_chron
5514,76.46430845340568,5514_chron
6595,76.4686184555783,6595_chron
6571,76.47085599724012,6571_chron
5751,76.4811961948794,5751_chron
6582,76.48804211699836,6582_chron2
5915,76.48989327425082,5915_chron
6480,76.49157854655824,6480_chron
3667,76.49242516276307,3667_chron
5888,76.49511970934111,5888_chron
5745,76.50243743189245,5745_chron
6047,76.51076581901371,6047_chron
6304,76.5238312497797,6304_chron
3664,76.52776204182027,3664_chron
6947,76.5314008731927,6947_chron
6865,76.53811397225192,6865_chron
6074,76.56064993242782,6074_chron
6720,76.56374160696978,6720_chron2
3430,76.56711654991473,3430_chron
6132,76.58135032458648,6132_chron
6842,76.58282578441757,6842_chron
6951,76.59852132394346,6951_chron2
6492,76.60195549164932,6492_chron
3740,76.6024424641114,3740_chron
6668,76.60447846846914,6668_chron2
6452,76.60623632709675,6452_chron
6931,76.6156432512522,6931_chron2
6580,76.62623440010442,6580_chron
6638,76.63374551362574,6638_chron
5933,76.63472187728047,5933_chron
5546,76.63829104610538,5546_chron
7047,76.64587507652014,7047_acute
6606,76.65097378337782,6606_chron
6804,76.65657581270685,6804_chron
5124,76.66393698258585,5124_chron
5642,76.66487854722634,5642_chron
6386,76.6756277553768,6386_chron2
6493,76.68022376867938,6493_chron
5997,76.688786673791,5997_chron
6972,76.6942624209401,6972_chron2
6646,76.69650431622038,6646_chron
6885,76.70500918637683,6885_chron2
6686,76.71320945945938,6686_chron
3302,76.72992563801358,3302_chron
4069,76.73921420557147,4069_chron
6682,76.74322245738003,6682_chron2
1798,76.74559446899764,1798_chron
6096,76.7501206055858,6096_chron
6583,76.75292096939968,6583_chron2
6446,76.76172408131936,6446_chron2
6041,76.76231392627729,6041_chron
6369,76.7626393642256,6369_chron
5472,76.77572733490342,5472_chron2
4919,76.78196152643945,4919_chron
5847,76.78262450940345,5847_chron
6269,76.81000820726358,6269_chron
6547,76.81695721628144,6547_chron
6636,76.82093819650487,6636_chron2
5398,76.82465241065043,5398_chron
6741,76.83817494103535,6741_chron
4650,76.85878823227861,4650_chron
4401,76.85992558757745,4401_chron
5543,76.86224958564948,5543_chron
6802,76.86269623726844,6802_chron
6838,76.86739493646976,6838_chron
6345,76.8772668167028,6345_chron
5151,76.88267307141632,5151_chron
6393,76.90761977618949,6393_chron
6733,76.91765486706616,6733_chron
6312,76.92940682227193,6312_chron
6565,76.93033685714036,6565_chron
6775,76.93561102403847,6775_chron
1435,76.9415732755877,1435_chron
6380,76.9446529770028,6380_chron
6431,76.9477915163557,6431_chron
6718,76.94848464789216,6718_chron
6924,76.95380445874618,6924_acute
6478,76.9741867261391,6478_chron2
6316,76.99547006153168,6316_chron
5606,76.99972921725356,5606_chron
6700,77.01417937103147,6700_chron
5986,77.01709208844866,5986_chron
6887,77.02511153286304,6887_chron
6025,77.02533261215203,6025_chron
6780,77.07251718446632,6780_chron
5728,77.07367441135109,5728_chron
5132,77.07459245229529,5132_chron
6184,77.08748276189323,6184_chron
5377,77.09815395253361,5377_chron
6573,77.10631499405045,6573_chron
5148,77.11058064887385,5148_chron
5746,77.119861103379,5746_chron
6734,77.12513922145985,6734_chron
3590,77.13601656804524,3590_chron
6973,77.14098073501874,6973_acute
5039,77.14890385792027,5039_chron
6187,77.15879061695107,6187_chron
5587,77.16215120376414,5587_chron
6814,77.16328715276427,6814_chron
6622,77.1638367637976,6622_chron
5787,77.16855448499824,5787_chron
5959,77.16935530752771,5959_chron
6641,77.1746651789242,6641_chron
4334,77.1759992639982,4334_chron
5940,77.18025726428236,5940_chron
5861,77.20310828601183,5861_chron
6418,77.22963157474896,6418_chron
5239,77.23481449619158,5239_chron
5804,77.2359120092949,5804_chron
6881,77.24064296540791,6881_chron
6522,77.25412660432536,6522_chron
5011,77.25451185972392,5011_chron
5867,77.26813125835585,5867_chron
4901,77.27586935461333,4901_chron
6451,77.29092973476918,6451_chron
6201,77.29606197198179,6201_chron
841,77.29698241604893,841_chron
6472,77.29854806746702,6472_chron
5569,77.31285833356374,5569_chron2
6609,77.32223565111185,6609_chron
6674,77.33065623799355,6674_chron
6188,77.33285786003295,6188_chron
6799,77.33521912417555,6799_chron
6461,77.33936885217365,6461_chron
4996,77.34096184333676,4996_chron
6594,77.34680598429244,6594_chron
7045,77.3677600126201,7045_acute2
5661,77.36936796752008,5661_chron
4350,77.37267226520886,4350_chron
4466,77.37412722853318,4466_chron
4439,77.37808639736049,4439_chron
6459,77.3839891936542,6459_chron
6281,77.38447654685696,6281_chron
6750,77.38728891480956,6750_chron2
4669,77.3877718330541,4669_chron
6867,77.39203739484182,6867_chron
2851,77.39450609233937,2851_chron
6949,77.39588490671049,6949_chron
5849,77.40109208348362,5849_chron
5090,77.40981144508825,5090_chron
6178,77.41266806747403,6178_chron
6913,77.41512040548133,6913_chron
3789,77.42122897294031,3789_chron
7092,77.43287894981782,7092_chron
3619,77.44192509337698,3619_chron
5411,77.44281734253228,5411_chron
6617,77.45740957777663,6617_chron
7026,77.45995585317732,7026_chron2
6494,77.46114355836666,6494_chron
6946,77.4624925961484,6946_acute
5083,77.47139797575926,5083_chron
6956,77.47523300982041,6956_chron
6305,77.48793954640709,6305_chron
6367,77.49257319491315,6367_chron
6864,77.49583352845269,6864_chron2
6716,77.49690103767448,6716_chron2
1984,77.49955898421449,1984_chron
5881,77.50323473571488,5881_chron
5770,77.50375067786564,5770_chron
6872,77.50867978815273,6872_chron2
5886,77.51009120087367,5886_chron
5421,77.51273871392269,5421_chron
6534,77.51475788626081,6534_chron
5157,77.52043218275067,5157_chron
6520,77.52147826033827,6520_chron
5429,77.53280015418937,5429_chron
4594,77.53695369969424,4594_chron
6712,77.5380613689859,6712_chron
7036,77.54144716232307,7036_chron
5168,77.54789285943676,5168_chron
5010,77.55096538984614,5010_chron
6538,77.56607730394391,6538_chron
6975,77.56661943082291,6975_chron
4782,77.56814389065853,4782_chron
5577,77.57338879866616,5577_chron
7058,77.57704762810931,7058_chron
4610,77.5838903752692,4610_chron
7028,77.59647360598566,7028_chron2
6703,77.59691836171058,6703_chron
3567,77.59808413898584,3567_chron
6603,77.5994551355713,6603_chron
5495,77.6083731640149,5495_chron
5030,77.60911882053458,5030_chron
6129,77.64790005955757,6129_chron
6011,77.65664705198283,6011_chron
6728,77.6590231359425,6728_chron2
1631,77.69433610811537,1631_chron
5016,77.70197281200282,5016_chron
7029,77.70523594000471,7029_chron2
5597,77.71185244888973,5597_chron
6933,77.71389362201371,6933_chron
6709,77.73168634270927,6709_chron
4645,77.78917801667899,4645_chron
7053,77.80831152826866,7053_chron
5851,77.81152911818333,5851_chron
3979,77.81590144445578,3979_chron
553,77.81987325422571,553_chron
5747,77.82162595065861,5747_chron
6868,77.83294443429149,6868_chron
4481,77.85778135304047,4481_chron
4658,77.86437470924749,4658_chron
6546,77.88269462731087,6546_chron
6213,77.89004531017983,6213_chron
2218,77.89220774679659,2218_chron
5582,77.89559799590732,5582_chron
5775,77.90095207879574,5775_chron
5122,77.90682989146956,5122_chron
6141,77.90841236303348,6141_chron
7159,77.91820044548602,7159_acute2
6801,77.9282561657183,6801_chron
3864,77.93006993052455,3864_chron
6850,77.95273939366841,6850_chron
4216,77.95370571724513,4216_chron
6634,77.96221128394487,6634_chron2
6787,77.97077653095539,6787_chron
4631,77.9758512692623,4631_chron
4478,77.98940263708866,4478_chron
6778,77.98954379995168,6778_chron
6585,77.99522603934258,6585_chron
7120,78.01878157011869,7120_chron
5978,78.02270117031898,5978_chron
6644,78.02446770385826,6644_chron
6909,78.03869405749695,6909_chron2
7064,78.0427354828212,7064_chron2
4425,78.0455174906321,4425_chron
6233,78.04836334044641,6233_chron2
3340,78.06182073008218,3340_chron
4967,78.06744089790044,4967_chron
6027,78.07836070480717,6027_chron
5925,78.08455883111326,5925_chron
2881,78.09516997773362,2881_chron
4178,78.10257497751444,4178_chron
6593,78.11575327316528,6593_chron
6941,78.12413382001745,6941_acute
6751,78.14938248106489,6751_chron
6245,78.16798654774409,6245_chron
6618,78.18383900159365,6618_chron
6103,78.18977090963311,6103_chron
6078,78.19266040093677,6078_chron
7111,78.20425092088396,7111_chron
7094,78.21019765152762,7094_chron2
6551,78.2105686848146,6551_chron
7089,78.21220351887347,7089_chron
6798,78.2262912332827,6798_chron
5490,78.22746285543899,5490_chron
6815,78.22779142922893,6815_chron
6333,78.22835687665062,6333_chron
6518,78.23597393378641,6518_chron
5990,78.23672779417984,5990_chron
6873,78.24283957369823,6873_chron
6207,78.24807258795109,6207_chron
5626,78.25939208051899,5626_chron
6584,78.26020040750593,6584_chron
3790,78.26956038727928,3790_chron
5515,78.27176495191677,5515_chron
6109,78.27373497157872,6109_chron
5917,78.27661627139652,5917_chron
7137,78.28311794547274,7137_chron2
5143,78.29983892710395,5143_chron
3799,78.30048988733266,3799_chron
7069,78.30618866317185,7069_chron2
6519,78.30928659401275,6519_chron
6423,78.31020647386121,6423_chron
6511,78.31524017200431,6511_chron
6379,78.3229775996162,6379_chron
4412,78.32785078212221,4412_chron
7099,78.32961324884353,7099_chron
2499,78.34533854516862,2499_chron
6321,78.35202901879353,6321_chron2
6457,78.36485152221148,6457_chron2
6234,78.36785039072896,6234_chron
2318,78.37215664692441,2318_chron
7200,78.38456734791478,7200_acute2
6657,78.38590749176838,6657_chron
6708,78.39536775328953,6708_chron
7031,78.39875861965413,7031_chron
5037,78.40643760180146,5037_chron
7014,78.40739821111995,7014_chron2
687,78.41489725305061,687_chron
4923,78.42683180004994,4923_chron
5983,78.43974615204883,5983_chron
3701,78.44278423889793,3701_chron
6549,78.44978181444222,6549_chron2
2244,78.45593900593595,2244_chron
6101,78.45690063621738,6101_chron
5576,78.45833075449058,5576_chron
5238,78.47565262772555,5238_chron
3274,78.4813761965417,3274_chron
7072,78.48339555966741,7072_chron
6412,78.48426491931751,6412_chron2
6748,78.49345149010948,6748_chron
5988,78.4956318379066,5988_chron
6783,78.50158829856409,6783_chron
5180,78.50366267841689,5180_chron
6166,78.53014251412792,6166_chron
6695,78.53103063292248,6695_chron2
5393,78.54245380333764,5393_chron
7157,78.55881426248742,7157_chron2
6326,78.55991533278998,6326_chron
5043,78.59178157252953,5043_chron
5866,78.60589553871081,5866_chron
5029,78.6068717440084,5029_chron
7061,78.60883125029513,7061_chron
6945,78.60890952293578,6945_chron
6543,78.60925162528052,6543_chron
7032,78.61649583053455,7032_chron2
3249,78.63268246327837,3249_chron
6515,78.64442203799412,6515_chron
6633,78.65585655486582,6633_chron
6740,78.66165353134095,6740_chron
7129,78.66486086889009,7129_chron2
6349,78.67885401260118,6349_chron2
6508,78.72539222838469,6508_chron
4796,78.73114181749364,4796_chron
5672,78.73190671042656,5672_chron
6833,78.7565613757977,6833_chron
7002,78.77173704205443,7002_chron2
4107,78.77741138270194,4107_chron
5290,78.78556592399066,5290_chron
4037,78.78733316128682,4037_chron
6297,78.80021523450344,6297_chron
6410,78.80752877235578,6410_chron2
6630,78.81594957761816,6630_chron2
4676,78.8195626485835,4676_chron
4208,78.82752979712896,4208_chron
6906,78.84408468717987,6906_chron2
2104,78.84979184462665,2104_chron
4416,78.85231075901893,4416_chron
6723,78.85615029038992,6723_chron
5657,78.8590286518158,5657_chron
6698,78.8656813529186,6698_chron
6149,78.87035789741444,6149_chron
6907,78.87702593781728,6907_chron
6501,78.88179031060903,6501_chron
5225,78.889723905754,5225_chron
6894,78.89644609601854,6894_chron
4551,78.91975719159564,4551_chron
6658,78.93332195887086,6658_chron
6800,78.94051871063188,6800_chron2
6473,78.94255108651868,6473_chron
6724,78.94532496189183,6724_chron2
6652,78.96552918717788,6652_chron
5682,78.97613082651185,5682_chron
6231,78.97646731493109,6231_chron
4188,78.979552139454,4188_chron
7086,78.98273393410395,7086_chron2
6869,78.99500962683531,6869_chron
6771,79.0009327823754,6771_chron
5214,79.00233681153478,5214_chron
6474,79.01706362521168,6474_chron
6054,79.02071968889648,6054_chron2
7179,79.02147230307698,7179_chron
6669,79.02793584597019,6669_chron
4441,79.03871759498396,4441_chron
6681,79.0421946137561,6681_chron
7110,79.05270902885874,7110_chron
4592,79.0636631336863,4592_chron
4741,79.07460086072447,4741_chron
6514,79.08911778635833,6514_chron
7194,79.09843918718818,7194_chron2
5885,79.1083431331022,5885_chron
6839,79.12438615369082,6839_chron
4502,79.13421954253472,4502_chron
6744,79.14155816749141,6744_chron
5827,79.1427246248659,5827_chron
7068,79.14406085794016,7068_chron2
7193,79.14433862090395,7193_chron
6258,79.14592187415147,6258_chron
5936,79.14927880999588,5936_chron
7246,79.17090747716666,7246_acute
6803,79.17127249402414,6803_chron
5177,79.17334701146109,5177_chron
5560,79.19847774153585,5560_chron
7109,79.1987447454337,7109_chron
7012,79.19881441016327,7012_chron
7153,79.19978937889161,7153_chron
6556,79.20483951736512,6556_chron
5679,79.20580066256474,5679_chron
6190,79.21232897318453,6190_chron
6789,79.22944441372886,6789_chron
1119,79.24950043701342,1119_chron
6785,79.25225505399183,6785_chron
6274,79.25612285353756,6274_chron
6058,79.268758751086,6058_chron
4859,79.26883807671625,4859_chron
6286,79.26934425201591,6286_chron
4861,79.27709171196399,4861_chron
6415,79.28933215243416,6415_chron
5869,79.3022380642008,5869_chron
2615,79.30241605932706,2615_chron
4337,79.30955801669454,4337_chron
6387,79.31808372254753,6387_chron
6257,79.32550745900966,6257_chron
3330,79.32799531360781,3330_chron
5403,79.33253446494767,5403_chron
6678,79.34647730465032,6678_chron
7161,79.34745599241585,7161_chron2
6066,79.36118320513239,6066_chron
5052,79.36476492334472,5052_chron
7041,79.37797833167832,7041_chron
6844,79.38740644213475,6844_chron
5958,79.39397982630382,5958_chron
7151,79.40021296626642,7151_chron
6905,79.41366719987107,6905_chron2
6460,79.41873857031666,6460_chron2
6977,79.44764288496351,6977_chron
1840,79.48735125017328,1840_chron
6986,79.50069386150957,6986_chron
6363,79.51261567517734,6363_chron
5450,79.52439903587403,5450_chron2
7266,79.53783709981803,7266_chron2
7371,79.5409102651063,7371_acute
4086,79.54939453260523,4086_chron2
4986,79.55157595231861,4986_chron
6722,79.55755046062929,6722_chron2
6805,79.56176105902605,6805_chron
7314,79.5669421661693,7314_chron2
6311,79.57602817440907,6311_chron2
6625,79.57688547948598,6625_chron
5828,79.60447326575324,5828_chron
6610,79.6252621725345,6610_chron
5007,79.63153325152868,5007_chron
5714,79.63263261077077,5714_chron
7268,79.64020365274068,7268_chron
6507,79.6422608928295,6507_chron
6795,79.64883247626828,6795_chron
3855,79.65311288847973,3855_chron
7198,79.66397017271501,7198_chron
4405,79.67534992065094,4405_chron
5721,79.67646607964058,5721_chron
6779,79.68771205735854,6779_chron
6405,79.68958832130363,6405_chron
6265,79.69784112273241,6265_chron
5368,79.70156605502687,5368_chron
6858,79.70495738185396,6858_chron
6335,79.70817224533691,6335_chron
5624,79.7118260824101,5624_chron
3713,79.7143848661173,3713_chron
3007,79.71500584943762,3007_chron
6262,79.72060527681595,6262_chron
7095,79.72116831290283,7095_chron
5743,79.73406991403525,5743_chron2
6438,79.74017284813367,6438_chron
5373,79.750734719328,5373_chron
3126,79.76681138433689,3126_chron
6994,79.76747250270304,6994_chron
6729,79.77480173295471,6729_chron
6743,79.78089480658026,6743_chron
6944,79.78754994132362,6944_chron
5829,79.79691613190398,5829_chron
7342,79.79764974611993,7342_chron
7156,79.80522757684913,7156_chron2
6503,79.80644994123128,6503_chron
6070,79.82065232847799,6070_chron
6002,79.82441464373689,6002_chron
7106,79.83307257385411,7106_chron
7176,79.8394581618705,7176_chron
7323,79.843297749159,7323_chron
7016,79.84945777821805,7016_chron2
6052,79.88267264757211,6052_chron
5850,79.88401080013202,5850_chron
5018,79.89091131013674,5018_chron
6910,79.89776700384712,6910_chron
6758,79.90242613558837,6758_chron
4399,79.90623309497254,4399_chron
4866,79.91498063451685,4866_chron
2312,79.92327825324507,2312_chron
6732,79.92442062300124,6732_chron
6468,79.9303208016814,6468_chron
3866,79.93467694035503,3866_chron
6976,79.94110024046871,6976_chron
7052,79.96383032372746,7052_chron
6918,79.97669284444044,6918_chron
6735,79.98835207771391,6735_chron
5907,79.99130063991831,5907_chron
5112,79.99714920723362,5112_chron
4082,80.02513081046007,4082_chron
7103,80.03646916854177,7103_chron
5977,80.03720807672215,5977_chron
7348,80.03888851244795,7348_chron
5814,80.04647475920945,5814_chron
7369,80.0706696067861,7369_chron2
3815,80.07736513506299,3815_chron
7040,80.08915368975538,7040_chron
7258,80.10409182541149,7258_chron
4603,80.10476961886124,4603_chron
6895,80.13625628385307,6895_chron
7319,80.14427581641004,7319_chron2
3945,80.15230311671587,3945_chron
7195,80.1568354096846,7195_chron
6285,80.16384572344404,6285_chron
2373,80.16652832563145,2373_chron
6247,80.16705200419163,6247_chron
5880,80.169612232871,5880_chron
1422,80.17283031296087,1422_chron
2917,80.18207331005118,2917_chron
7350,80.18803039578849,7350_chron2
5671,80.21126573714683,5671_chron
6766,80.21139998995992,6766_chron
7249,80.22033147010285,7249_chron
7164,80.2260222986957,7164_chron
5387,80.22651721918457,5387_chron
1865,80.22728902515186,1865_chron
7414,80.2418341009435,7414_chron
6310,80.24416845123203,6310_chron
7411,80.25470485871647,7411_chron2
7178,80.25640027079336,7178_chron
6140,80.25907734071036,6140_chron
6962,80.27664430602461,6962_chron2
3875,80.27696627369994,3875_chron
5489,80.28928753828386,5489_chron
7158,80.29724970546684,7158_chron2
7220,80.31317319612306,7220_chron
5935,80.31373671288198,5935_chron
6390,80.31659577802354,6390_chron
5725,80.31898414349182,5725_chron
6846,80.32127140374385,6846_chron
7008,80.3236722976283,7008_chron
4644,80.33503557755829,4644_chron
7207,80.3429804787379,7207_chron
6408,80.3534852936738,6408_chron
7384,80.35942950469261,7384_chron
7343,80.36345918832436,7343_chron
6158,80.36899413776015,6158_chron
6397,80.38008875951206,6397_chron
6917,80.38602288682567,6917_chron
5237,80.39653395269447,5237_chron
5194,80.40786283830582,5194_chron
7180,80.4210438709708,7180_chron
7425,80.42904366454108,7425_chron
7301,80.43731259647035,7301_chron
7134,80.4393674243796,7134_chron
6040,80.44287353860584,6040_chron
4890,80.46508193928102,4890_chron
6216,80.48087452472839,6216_chron
4774,80.48794080911185,4774_chron
7070,80.49201561743418,7070_chron
5961,80.49461284578277,5961_chron
7100,80.50257577488296,7100_chron
6253,80.50538509084662,6253_chron
7060,80.51009738762733,7060_chron
5228,80.52263349470287,5228_chron
6981,80.5238394824402,6981_chron
5089,80.52947139696303,5089_chron
6903,80.53206885593461,6903_chron2
7206,80.53678414216844,7206_chron
4756,80.5370295580906,4756_chron
6009,80.54509617542976,6009_chron
5795,80.56249431683241,5795_chron
5674,80.56347084403542,5674_chron
7479,80.56784738688883,7479_acute2
6342,80.57219885236957,6342_chron2
6439,80.57368827280267,6439_chron
6900,80.61142033080415,6900_chron
7279,80.63372010934704,7279_chron
7001,80.64515179386866,7001_chron
7288,80.64529429923984,7288_chron
6857,80.64568767859875,6857_chron
7083,80.697779516251,7083_chron
7368,80.70000914535242,7368_chron
3986,80.70224207635083,3986_chron
7216,80.72298335231302,7216_acute
7415,80.72303282913413,7415_chron
7054,80.74148442463948,7054_chron2
7352,80.74659771954401,7352_chron2
7380,80.76228798816771,7380_chron
7219,80.7705165585638,7219_chron
7067,80.77425449501686,7067_chron
7043,80.77676492742773,7043_chron
7378,80.77866986092904,7378_chron
4475,80.78195555448723,4475_chron
4858,80.79590353457134,4858_chron
6908,80.81767549421137,6908_chron2
6352,80.83789643010178,6352_chron
7077,80.84816065690505,7077_chron
2954,80.84843627756423,2954_chron
5023,80.854394868733,5023_chron
5053,80.85615973938454,5053_chron
6344,80.86130061983594,6344_chron
7023,80.87400799787476,7023_chron
5229,80.8808701293236,5229_chron
5482,80.89469251861351,5482_chron
6826,80.89577926692934,6826_chron
6267,80.90704470212917,6267_chron
7393,80.91191141379369,7393_chron
7017,80.91263558827247,7017_chron
6202,80.92073427642129,6202_chron
5733,80.92628863413454,5733_chron
6816,80.92675044579494,6816_chron2
4043,80.95023558938233,4043_chron
3887,80.95394280463749,3887_chron
6287,80.97278493381064,6287_chron2
7311,80.97393274931784,7311_chron2
7438,80.99001977742026,7438_chron2
6211,81.01673493000514,6211_chron
6896,81.03025784608823,6896_chron
6813,81.03476551604834,6813_chron
7464,81.05116652970726,7464_chron2
5404,81.06748395370339,5404_chron
5926,81.07445084671464,5926_chron
4829,81.08234471503641,4829_chron
5824,81.09209187095139,5824_chron
7173,81.09799337275149,7173_chron
6726,81.11641364079853,6726_chron
7260,81.12001736460564,7260_chron
7102,81.12860309972343,7102_acute
6676,81.1371947842399,6676_chron
3771,81.15086571812115,3771_chron
6642,81.15197679404105,6642_chron
7296,81.16517348751961,7296_chron
7517,81.16564415907085,7517_chron2
2327,81.16771308279094,2327_chron
7239,81.17347330368096,7239_acute
5918,81.17623913095794,5918_chron
5572,81.18014089071244,5572_chron
6671,81.19399812905657,6671_chron
7551,81.20551670077111,7551_chron
7407,81.21027498029312,7407_chron
6395,81.2112796018909,6395_chron
6995,81.21473404525784,6995_chron
7189,81.23237714846347,7189_chron
7226,81.23860651762327,7226_chron
6499,81.24099641973176,6499_chron
7097,81.24608100645325,7097_chron
4633,81.25018520022539,4633_chron
7447,81.2547203241084,7447_chron2
7313,81.26687780134202,7313_chron
7241,81.28312250926584,7241_chron2
7192,81.2876462319321,7192_chron
5361,81.291170111872,5361_chron
7349,81.32216456279308,7349_chron
6558,81.32431505669953,6558_chron
6929,81.36097674167982,6929_chron
6432,81.38320448669118,6432_chron
5653,81.38507948107726,5653_chron
7224,81.3941169698889,7224_chron2
6596,81.40632445702194,6596_chron
4920,81.41599679699159,4920_chron
7185,81.42011738402016,7185_chron
4758,81.42946925743082,4758_chron
6915,81.43083577379399,6915_chron
6598,81.4360778728772,6598_chron
6552,81.44415686239248,6552_chron
7240,81.4537867120952,7240_chron
7432,81.45847414492638,7432_chron
2135,81.4593897077192,2135_chron
6143,81.46282712215874,6143_chron
6979,81.46350741158521,6979_chron
7169,81.46352797061351,7169_chron
6199,81.46354024266878,6199_chron
4250,81.47016967564323,4250_chron
6902,81.4744415630123,6902_chron
6049,81.48077771700032,6049_chron
6577,81.49499999029973,6577_chron
5579,81.49682792637064,5579_chron
7229,81.5059606584226,7229_chron
6626,81.51486876381162,6626_chron
6261,81.51575951001541,6261_chron
7172,81.51814182190284,7172_chron
6407,81.54303781183224,6407_chron
7247,81.54472290465353,7247_chron
5004,81.5568854738915,5004_chron
6713,81.56992431042406,6713_chron
7519,81.57655257351865,7519_acute
7505,81.58357650255198,7505_chron
7522,81.58775655408279,7522_chron
5692,81.599545849422,5692_chron
6809,81.60632178055427,6809_chron
6877,81.6239671371621,6877_chron
7269,81.6328620786198,7269_chron
6948,81.64604684884827,6948_chron
5324,81.65708030505574,5324_chron
7298,81.66541086826494,7298_chron2
6822,81.67828240072164,6822_chron
6845,81.68763969656428,6845_chron
4593,81.69395568461088,4593_chron
7232,81.71650024564478,7232_chron
7436,81.73758861095745,7436_chron
6238,81.76053278301863,6238_chron
5257,81.78146230549545,5257_chron
7566,81.785263827485,7566_acute2
5708,81.79117904710657,5708_chron
7326,81.81144484676929,7326_chron
6797,81.81902960798634,6797_chron
7004,81.8241031092283,7004_chron
7253,81.82472289780051,7253_chron
7293,81.85747689457818,7293_chron
7210,81.86139846543666,7210_chron
7027,81.86390327572866,7027_chron
6205,81.87043576306814,6205_chron
7610,81.8707551757957,7610_chron
5704,81.87853839259694,5704_chron
6259,81.88227335201209,6259_chron2
6550,81.88307840089313,6550_chron
6615,81.88848357726157,6615_chron
6135,81.89086016189094,6135_chron
7347,81.92705786085357,7347_chron2
7418,81.9353859984377,7418_chron
6639,81.94283528854027,6639_chron
5964,81.94377251840085,5964_chron
7238,81.95230984695355,7238_chron2
7073,81.95497332167385,7073_chron2
6377,81.96361801150883,6377_chron
5969,81.96657431104218,5969_chron
6224,81.9725460616802,6224_chron
4190,81.97932152400115,4190_chron
5858,81.98042841109515,5858_chron
3974,81.98441024006688,3974_chron
7123,81.98910776244144,7123_chron
7442,81.99603912771249,7442_chron
6561,82.00022243477638,6561_chron
7476,82.01652863573845,7476_chron
4873,82.0212347337444,4873_chron
7280,82.02156004141169,7280_chron
7202,82.03328562631827,7202_chron
6661,82.03723561464359,6661_chron
4764,82.04888840582451,4764_chron
7598,82.07158962202458,7598_chron
7093,82.0768475571725,7093_chron
7245,82.08407927877278,7245_chron
7126,82.08979155138519,7126_chron
7474,82.09430224768363,7474_chron
7281,82.1192234555291,7281_chron
7524,82.12435014611452,7524_chron
7514,82.13031121009863,7514_chron2
7382,82.1443081998683,7382_chron2
5372,82.14959854609751,5372_chron
7084,82.1528021626447,7084_chron
6861,82.16126317428044,6861_chron
7122,82.16132046012618,7122_chron
7055,82.16464886268253,7055_chron
3919,82.16614146431783,3919_chron
7242,82.1703128751576,7242_chron
3762,82.17043155600568,3762_chron
7613,82.17985805267395,7613_acute
6705,82.18206014998486,6705_chron
4284,82.19324231839701,4284_chron
5313,82.19666690013213,5313_chron
7351,82.20681622267581,7351_chron
7303,82.21659142363681,7303_chron
6527,82.22444402699936,6527_chron
5752,82.22711629021236,5752_chron
6786,82.2350852465989,6786_chron
7149,82.25453189836364,7149_chron
7163,82.25496524583566,7163_chron2
759,82.2594911890256,759_chron
5049,82.27536228887743,5049_chron
6163,82.28780077620448,6163_chron
7050,82.2881535141939,7050_chron
5451,82.30337372296623,5451_chron
7079,82.30577777899224,7079_chron
6640,82.30969738010207,6640_chron
5687,82.33727536400106,5687_chron
5906,82.35359147825693,5906_chron
5443,82.3567248949723,5443_chron
7528,82.357211118476,7528_acute2
7275,82.36198234560365,7275_chron2
7190,82.37218395970143,7190_chron
7059,82.37554921686703,7059_chron
6847,82.38121086777716,6847_chron
2273,82.38388962537982,2273_chron
6647,82.40753626081893,6647_chron
7212,82.4239333257701,7212_chron
7574,82.44090027238106,7574_chron
6990,82.44141163042083,6990_chron
6862,82.44554558148897,6862_chron
7119,82.4464143531923,7119_chron
6368,82.44809468398462,6368_chron
7270,82.47578150234153,7270_chron2
3720,82.49644216863108,3720_chron
7568,82.49740409755032,7568_chron
7304,82.4978324934363,7304_chron
5929,82.49901142014266,5929_chron
6029,82.50554000558613,6029_chron
6000,82.50687395401071,6000_chron
7520,82.51595175157638,7520_chron
6417,82.51863621845791,6417_chron
6463,82.54802030957785,6463_chron
6731,82.54999316194731,6731_chron
7011,82.5602693740228,7011_chron
5407,82.56466611189661,5407_chron
6817,82.57418698090949,6817_chron
7237,82.57584236098403,7237_chron
7291,82.58186240343662,7291_chron
7388,82.59158323428726,7388_chron
6854,82.60095979317124,6854_chron
6106,82.60904618502379,6106_chron
7056,82.62583169092814,7056_chron
4006,82.62895051014068,4006_chron
7539,82.63914058857212,7539_chron
7024,82.64053218050007,7024_chron
7135,82.64229572735836,7135_chron
7175,82.64827417927681,7175_chron2
4327,82.656669249336,4327_chron
7495,82.6668490412322,7495_chron
5799,82.67837683282724,5799_chron
7286,82.67929060268125,7286_chron2
5331,82.67942380132679,5331_chron
6484,82.68431752792483,6484_chron
5330,82.6872789121134,5330_chron
6485,82.69000105676604,6485_chron
7299,82.6918082542818,7299_chron
7482,82.71433777628154,7482_chron
7589,82.72221643589752,7589_chron2
6770,82.72289480877822,6770_chron
6665,82.73178773453117,6665_chron2
7600,82.75230932597162,7600_chron
6334,82.75301543057513,6334_chron
5771,82.7571924778541,5771_chron
4182,82.76293434046697,4182_chron
6330,82.77804582584739,6330_chron
6663,82.78092734665448,6663_chron
4246,82.7944370057907,4246_chron
5963,82.80318113432197,5963_chron
6300,82.80442442957701,6300_chron
7085,82.8059670507959,7085_chron
6090,82.8159216783824,6090_chron
7399,82.81773814333289,7399_chron
6307,82.82308317020839,6307_chron
6362,82.85343543355101,6362_chron
6836,82.85416658137339,6836_chron2
6608,82.8587987778723,6608_chron
7444,82.86442838923453,7444_chron2
7587,82.86818574682236,7587_chron2
7379,82.87424903257254,7379_chron2
4162,82.884878368195,4162_chron
5913,82.89180743529853,5913_chron
7364,82.90104998948044,7364_chron
7545,82.92660257535633,7545_chron2
7428,82.92840158597473,7428_chron
5807,82.92868842397782,5807_chron
7273,82.94258410802846,7273_chron
6997,82.95234755632896,6997_chron
7499,82.95267215218244,7499_chron2
7692,82.95991079006988,7692_acute2
6963,82.98162410870167,6963_chron
4404,82.98578124255181,4404_chron
7481,82.98952983817078,7481_chron2
7607,83.02187850601058,7607_chron
7572,83.04951192918372,7572_chron2
7127,83.06142881086883,7127_chron
7204,83.08454185927812,7204_chron
7603,83.08685222715599,7603_chron
6089,83.09308805696105,6089_chron
6971,83.1093415902977,6971_chron
6225,83.11519738607305,6225_chron
4161,83.11709234427093,4161_chron
5466,83.11915420349462,5466_chron
6935,83.12281341859611,6935_chron
7318,83.12492364808544,7318_chron
7630,83.12712920955966,7630_chron
7538,83.1424444154666,7538_chron
4769,83.14806500892728,4769_chron
6747,83.1491617726981,6747_chron
7501,83.15443562806041,7501_chron
6998,83.15655164902775,6998_chron
5848,83.1746520750871,5848_chron
3884,83.17691813737324,3884_chron
6794,83.19075708325688,6794_chron2
7361,83.20964516231143,7361_chron
5268,83.2315186855581,5268_chron2
7243,83.23247675737655,7243_chron
7336,83.23877117545842,7336_chron
7717,83.24901043225013,7717_chron2
7284,83.26024516885391,7284_chron
4517,83.26073133081601,4517_chron
7582,83.26643154762789,7582_chron
5465,83.27279923167637,5465_chron
7327,83.2751940979384,7327_chron
7484,83.27862984957501,7484_chron
6874,83.30210424192926,6874_chron
4714,83.31571271999896,4714_chron
3480,83.31612861227815,3480_chron
6434,83.31983798468787,6434_chron
6338,83.32147015101089,6338_chron
3308,83.32591879371539,3308_chron
7209,83.33442561208894,7209_chron
5693,83.35202901321536,5693_chron
6730,83.35292752803277,6730_chron
7590,83.3659215563213,7590_acute
7233,83.3687265000194,7233_chron
7640,83.3698269973264,7640_acute2
7278,83.37094727526454,7278_chron
5374,83.376374078811,5374_chron
6925,83.38209580917591,6925_chron
4508,83.38450986969794,4508_chron
6505,83.40039914523007,6505_chron
7540,83.41107219881427,7540_chron
3138,83.42080318298655,3138_chron
7455,83.42433126375967,7455_chron
5156,83.42621975232035,5156_chron
7315,83.42920382341813,7315_chron
4708,83.43536952990279,4708_chron
7408,83.4470928922197,7408_chron
6914,83.45115331694686,6914_chron
4818,83.47144173134782,4818_chron
7467,83.48160215178456,7467_chron
6772,83.49348036852307,6772_chron
6965,83.53116086445513,6965_chron
6871,83.53216719352645,6871_chron2
6904,83.54436515426603,6904_chron
7262,83.54562259091976,7262_chron
6264,83.5463553419187,6264_chron
6964,83.54719225095388,6964_chron
7648,83.555448360277,7648_acute2
7267,83.56225513079295,7267_chron
6613,83.5732251405777,6613_chron
7762,83.57883723420449,7762_acute
7465,83.58243071400754,7465_chron2
7078,83.58540848802122,7078_chron
7655,83.58649354992416,7655_chron
3461,83.6009366570791,3461_chron
4436,83.61166944764622,4436_chron
7628,83.61210615417782,7628_chron
6466,83.61586738422156,6466_chron
6684,83.6184230882891,6684_chron
7144,83.62774983681159,7144_chron
7776,83.6280536111044,7776_chron
5780,83.65164482453181,5780_chron
7132,83.65405325295961,7132_chron
7222,83.67996900387689,7222_chron
7569,83.68251219942678,7569_chron
5786,83.69900928190201,5786_chron
7394,83.69991370486915,7394_chron
7312,83.71526820929168,7312_chron
7372,83.72117265172223,7372_chron
7430,83.72770803986224,7430_chron
6071,83.7332500046328,6071_chron
7579,83.73496343996722,7579_chron
7634,83.76834748347802,7634_chron
6382,83.76895194177727,6382_chron
7650,83.77621828641537,7650_chron
6612,83.77794249867499,6612_chron
7424,83.7824972270296,7424_chron2
5891,83.79352727975605,5891_chron
6271,83.80505754975552,6271_chron
6075,83.82514935679687,6075_chron
7521,83.8292316957778,7521_chron
7145,83.84545615503747,7145_chron
7561,83.84620491027172,7561_chron
6834,83.84849428345483,6834_chron2
5357,83.84919116843494,5357_chron
5647,83.84979878719625,5647_chron
7374,83.85502068468428,7374_chron
6967,83.85586273753806,6967_chron
6378,83.85714291605072,6378_chron
7329,83.86248295328188,7329_chron
6773,83.87071415863166,6773_chron
7131,83.87554724620428,7131_chron
7489,83.89726538760635,7489_chron
7307,83.89894531978365,7307_chron
6988,83.90173720700551,6988_chron
5765,83.90998679890119,5765_chron
7403,83.91800502203766,7403_chron
6777,83.92694032325053,6777_chron
5767,83.9296984519072,5767_chron
7706,83.93552695965153,7706_chron
6038,83.93949675241106,6038_chron
7141,83.94100713329273,7141_chron
6692,83.9419312240695,6692_chron
7668,83.94599389101884,7668_chron
4245,83.95684969815109,4245_chron
6840,83.9629569287174,6840_chron
7515,83.96592864095628,7515_chron2
7413,83.97467512796862,7413_chron
6086,83.98938726647516,6086_chron
5839,84.00432788141752,5839_chron
7732,84.01323425432665,7732_acute
7201,84.01864134109402,7201_chron
7334,84.02519932681581,7334_chron
6882,84.02676012642999,6882_chron
7766,84.04988152192885,7766_acute
7345,84.05315865438014,7345_chron
5921,84.05691343501293,5921_chron
7736,84.06076787763625,7736_chron
2391,84.07768159513398,2391_chron
5952,84.08690557048082,5952_chron
6586,84.08928992562703,6586_chron
6526,84.09641641814798,6526_chron
6711,84.09718454802595,6711_chron
7834,84.10065487164368,7834_acute2
7705,84.10328197211217,7705_chron2
2984,84.1225454087468,2984_chron
4365,84.12283772824298,4365_chron
6019,84.12655455916388,6019_chron
6875,84.13547218562887,6875_chron
6348,84.1391509267539,6348_chron
7523,84.13994923866177,7523_chron
7140,84.15671275799683,7140_chron
6927,84.16054507748004,6927_chron
5999,84.16739393612693,5999_chron
7755,84.16910840412979,7755_chron2
7019,84.17314065398932,7019_chron
7697,84.17712031236788,7697_chron
7154,84.18037429383955,7154_chron
7116,84.20774531838534,7116_chron
4591,84.22135626039532,4591_chron
6699,84.22979727892957,6699_chron2
7370,84.23008542652732,7370_chron
7704,84.2324803502046,7704_chron2
7356,84.2609608045547,7356_chron
7251,84.26323366644061,7251_chron
7302,84.27647311966975,7302_chron
6627,84.28643950655255,6627_chron
5967,84.29161853104517,5967_chron
6689,84.2960377306458,6689_chron
7422,84.30094467615201,7422_chron
5048,84.30624663446395,5048_chron
7138,84.30629736273796,7138_chron
7550,84.31885670434588,7550_chron
7367,84.33645171238632,7367_chron
7453,84.34210381442426,7453_chron
6120,84.34436899514222,6120_chron
6360,84.3447142294131,6360_chron
7466,84.35411192911009,7466_chron
6559,84.35511758694084,6559_chron
7392,84.35704982598065,7392_chron2
7376,84.36524224428891,7376_chron
6030,84.36606336056876,6030_chron2
7203,84.38141606777751,7203_chron
5483,84.38547104834691,5483_chron
7423,84.38551594050004,7423_chron
7217,84.39403841318426,7217_chron
5968,84.40189826058696,5968_chron
5078,84.42445773682816,5078_chron
7406,84.42865642159792,7406_chron
7211,84.43583563994486,7211_chron
7741,84.43709188365584,7741_acute
7770,84.44429098282407,7770_chron2
7255,84.44684134516855,7255_chron
5822,84.45231075552894,5822_chron
7795,84.4598332775492,7795_chron2
6793,84.4657464955815,6793_chron
5652,84.47305684937707,5652_chron
6358,84.48918245929508,6358_chron
5351,84.49318402133602,5351_chron
6513,84.4971931550663,6513_chron
7317,84.52330345630531,7317_chron
6487,84.54091926520931,6487_chron
7462,84.55267830471217,7462_chron2
6704,84.56934563443617,6704_chron
6680,84.57491377670028,6680_chron
6719,84.58070448185609,6719_chron
7274,84.58227483647062,7274_chron2
7331,84.58732208895091,7331_chron
6554,84.58888842095416,6554_chron
5684,84.60227705827103,5684_chron
7799,84.60774158362086,7799_chron
7112,84.61182719609644,7112_chron
7698,84.62117983748591,7698_chron
7796,84.64754502975414,7796_chron
4285,84.65604620697407,4285_chron
7338,84.65727066748363,7338_chron
6255,84.68923960465176,6255_chron
7133,84.69135345140101,7133_chron
7090,84.6932421347214,7090_chron
7437,84.7048635607216,7437_chron
7497,84.71296754168381,7497_chron
5843,84.71440756766864,5843_chron
7121,84.71609933871169,7121_chron
7477,84.72961345601873,7477_chron2
7363,84.73511385678331,7363_chron
7488,84.74882168763271,7488_chron
3184,84.75026029521905,3184_chron
7503,84.76590820464088,7503_chron
7365,84.76625946765782,7365_chron
7740,84.76745395846412,7740_chron
7261,84.77079408731377,7261_chron
6581,84.77834793200313,6581_chron
5581,84.79115559583833,5581_chron
7657,84.79297981814331,7657_chron
7013,84.79729579512224,7013_chron
7463,84.79913432349059,7463_chron
7792,84.80196206418167,7792_acute
7381,84.82382085749421,7381_chron
7771,84.82466162645133,7771_chron2
7272,84.85276901644755,7272_chron
7578,84.85614784529972,7578_chron
7662,84.86782919754506,7662_chron
7789,84.86946039460999,7789_chron2
6983,84.87906956405308,6983_chron
7663,84.88053824421473,7663_chron2
7215,84.89267863928107,7215_chron
7653,84.89896243891175,7653_chron
7402,84.90585852022498,7402_chron
7218,84.90592183692054,7218_chron
6062,84.91811106195108,6062_chron
6821,84.91817694138841,6821_chron
7007,84.92189380110638,7007_chron
5520,84.93477961357743,5520_chron
6050,84.94170002443217,6050_chron
6919,84.9443551578996,6919_chron
7827,84.94487526427619,7827_chron
5668,84.94565662484139,5668_chron
4988,84.95422759828085,4988_chron
6209,84.9807783347539,6209_chron
7893,84.98721661687038,7893_chron
5944,84.99093363599616,5944_chron
4628,84.99183911226166,4628_chron
6989,84.99486750487635,6989_chron
5830,84.99512398041983,5830_chron
7546,84.99954692377976,7546_chron
6721,85.01013421594185,6721_chron
5431,85.02870212263844,5431_chron
6219,85.03347701728924,6219_chron
7208,85.04780972474205,7208_chron
7277,85.0536009147389,7277_chron
5532,85.0595444785169,5532_chron
6276,85.06115684088259,6276_chron
7339,85.07143123991774,7339_chron2
7071,85.07574024640807,7071_chron
7852,85.09452326130675,7852_acute
7472,85.09974005704305,7472_chron2
5300,85.11090822576325,5300_chron
5872,85.11511794767567,5872_chron
7443,85.1294058662321,7443_chron
7359,85.1437782541036,7359_chron
7429,85.14494607222564,7429_chron2
4396,85.14523882650458,4396_chron
7680,85.15743334222826,7680_chron2
6760,85.17178655704204,6760_chron
7088,85.1779124433712,7088_chron
6567,85.18034359724223,6567_chron
3729,85.18722859487188,3729_chron
6441,85.19093614279333,6441_chron
7289,85.20115200439247,7289_chron
3281,85.21088206690877,3281_chron
7862,85.22654732705392,7862_chron2
7686,85.24158548861075,7686_chron
6982,85.25536579835666,6982_chron
6152,85.26648535909307,6152_chron2
5927,85.26733195156781,5927_chron
7491,85.284566577619,7491_chron2
7554,85.29207494832453,7554_chron
7701,85.29250072729623,7701_chron
6517,85.30107055677085,6517_chron
6251,85.31180876639459,6251_chron
7867,85.3205340318268,7867_chron
7797,85.32479326049611,7797_chron
7398,85.32569668769521,7398_chron
7674,85.3258222623476,7674_chron
7294,85.33467333087957,7294_chron
6523,85.3564558406657,6523_chron
6693,85.37107712396035,6693_chron
7955,85.3755433533556,7955_acute2
7946,85.37580209484635,7946_chron2
6714,85.4031504562652,6714_chron
7780,85.4053618249791,7780_chron
4786,85.40815708689149,4786_chron
7822,85.41200269075715,7822_chron
7507,85.41369480694242,7507_chron
7940,85.4310178125463,7940_acute
6991,85.43232245347541,6991_chron2
6901,85.4346269805016,6901_chron2
6614,85.43963239068059,6614_chron
7787,85.44154796883295,7787_chron
1805,85.44588368450337,1805_chron
5956,85.45535032097051,5956_chron
6812,85.4728089190375,6812_chron
3675,85.49315758629797,3675_chron
7898,85.51319923098869,7898_acute2
7614,85.51657092769719,7614_chron
7664,85.5350498187722,7664_chron2
6835,85.53568555598643,6835_chron
7782,85.53742912379289,7782_chron
6506,85.53890085259431,6506_chron
4916,85.55072598851773,4916_chron
7020,85.55363959104035,7020_chron
6597,85.58166223472233,6597_chron
7894,85.60297843997378,7894_chron2
7181,85.62652171028566,7181_chron
6121,85.63197980581683,6121_chron
7703,85.64017117991807,7703_chron
7183,85.65135094777776,7183_chron
3908,85.66156548090026,3908_chron
6736,85.67040432774792,6736_chron
6196,85.67305653323075,6196_chron
7901,85.67623299354531,7901_chron
7496,85.67767625377049,7496_chron
7227,85.7327142207479,7227_chron
7308,85.73383466517677,7308_chron2
7165,85.73789995461219,7165_chron
6934,85.75421840602976,6934_chron
6753,85.75659798560213,6753_chron
7584,85.7581742839239,7584_chron
5511,85.76338116568263,5511_chron
7283,85.7859541071487,7283_chron
7386,85.79927659417295,7386_chron
7618,85.81523879046642,7618_chron
7535,85.8183736570708,7535_chron
7065,85.82164807157888,7065_chron
7679,85.82227091266228,7679_chron
7049,85.82824872759124,7049_chron
6448,85.84953227515706,6448_chron
6755,85.85844173613125,6755_chron
7906,85.8635410173336,7906_chron
7355,85.87434603808697,7355_chron
7257,85.88628375772664,7257_chron2
7899,85.88677623657897,7899_chron2
7485,85.88696973062974,7485_chron2
7599,85.89020307651296,7599_chron2
7919,85.8959774024687,7919_chron
7933,85.89658560427604,7933_chron2
7783,85.90257247010085,7783_chron
6651,85.90458323201419,6651_chron
7841,85.91115605038479,7841_chron2
3668,85.91816229823851,3668_chron
7316,85.9204190355864,7316_chron
7845,85.92046696206525,7845_chron2
6830,85.94086554832109,6830_chron
7819,85.94629069834089,7819_chron2
7708,85.96617035621131,7708_chron2
7818,85.96940695595393,7818_chron
7150,85.97536233371041,7150_chron
6759,85.97845652124832,6759_chron
7385,85.98372572873795,7385_chron
7405,85.99028376493546,7405_chron
5326,85.99442526525465,5326_chron
5736,85.99483959675707,5736_chron
6177,85.99926171094029,6177_chron
6940,85.99981512771595,6940_chron
6223,86.00901148711725,6223_chron
7009,86.03027957347297,7009_chron
8036,86.04246035385965,8036_chron
6435,86.0495572995863,6435_chron
2446,86.05294455886491,2446_chron
5800,86.05406565092015,5800_chron
7265,86.05518715594718,7265_chron
6880,86.06281634365902,6880_chron
6085,86.06956425960098,6085_chron
6999,86.0883838112021,6999_chron
7557,86.09991846463487,7557_chron
6916,86.11635324938146,6916_chron
1442,86.11725317623122,1442_chron
7935,86.12697206167228,7935_chron
7688,86.1417823551302,7688_chron2
7230,86.15654015036702,7230_chron
6394,86.16426173146284,6394_chron
6942,86.16625192897321,6942_chron
6317,86.18807827723501,6317_chron
6837,86.19175721140368,6837_chron
8056,86.19314912553888,8056_acute
7635,86.20891675734553,7635_chron
7611,86.21383671434737,7611_chron
6111,86.21884829943887,6111_chron
7835,86.21966387457731,7835_chron
7606,86.23671200915861,7606_chron
7105,86.26631067242293,7105_chron
7958,86.27956280210087,7958_chron2
6974,86.28268593924993,6974_chron
6932,86.28515750821705,6932_chron
7802,86.31455471552736,7802_chron
7728,86.33218998566859,7728_chron2
7305,86.34239491132821,7305_chron
7920,86.3473641970037,7920_chron
6616,86.36042422771811,6616_chron
7510,86.36137599427083,7510_chron
8022,86.36682325358369,8022_chron2
7949,86.38854226864689,7949_chron
6544,86.39095639090169,6544_chron
6521,86.41333028973915,6521_chron
7593,86.4221113749752,7593_chron
7532,86.42589217429378,7532_chron
7188,86.43286128028608,7188_chron
2822,86.43586048825213,2822_chron
8033,86.4451138058627,8033_chron2
7722,86.4591329326013,7722_chron
6399,86.4742839827928,6399_chron
7638,86.47770916708737,7638_chron
7745,86.48044931595828,7745_chron
7228,86.48423876780012,7228_chron
7087,86.4926722814891,7087_chron
7401,86.49821700051238,7401_chron
8113,86.52135243442511,8113_acute2
7177,86.55219499899641,7177_chron
5578,86.55940258710616,5578_chron
4816,86.56214794153748,4816_chron
8009,86.5685632770099,8009_chron
2535,86.57636988038512,2535_chron
6884,86.58324681826363,6884_chron
7860,86.62686433407703,7860_chron2
6831,86.63062706413909,6831_chron
5292,86.64575795721893,5292_chron
7021,86.65270915563762,7021_chron
7271,86.65378192645024,7271_chron
6768,86.67212290384818,6768_chron
7786,86.67840466962225,7786_chron2
6926,86.68744462451896,6926_chron
7117,86.70974769391799,7117_chron
5641,86.73473224878944,5641_chron
7757,86.74325478245945,7757_chron
6921,86.74482344434817,6921_chron
7805,86.77110213318497,7805_chron
6781,86.78210222910907,6781_chron
7838,86.79761305708975,7838_chron2
7473,86.79900447396291,7473_chron
7609,86.8061173033543,7609_chron
7322,86.81490984181936,7322_chron
6961,86.82389298973756,6961_chron
7330,86.82454442527865,7330_chron
8096,86.84776410309186,8096_acute2
5900,86.86174678351053,5900_chron
6034,86.86655986790745,6034_chron
7719,86.8973447647934,7719_chron
6859,86.89857172617543,6859_chron
5033,86.90525565886047,5033_chron
7738,86.91179603785045,7738_chron
7847,86.9371001769194,7847_chron
7487,86.94170699473959,7487_chron
7353,86.95362966606253,7353_chron
7892,86.95838617157798,7892_chron2
7051,86.96093274354175,7051_chron
7844,86.9704339462202,7844_chron2
7297,86.97205204959118,7297_chron
8151,86.97472077657875,8151_acute
7387,86.97994075867048,7387_chron
6853,86.99216176301248,6853_chron
7874,86.99808470622528,7874_chron
7416,87.00221085961093,7416_chron
7419,87.01793068309138,7419_chron
7512,87.0424544691346,7512_chron
7003,87.06847015982284,7003_chron
7990,87.07702906448965,7990_chron
7549,87.10678289849996,7549_chron
7806,87.15109090735935,7806_chron2
6436,87.1717076422432,6436_chron
7859,87.17868104465992,7859_chron
7839,87.18456097284727,7839_chron2
7840,87.1938369273303,7840_chron
8112,87.21303202886861,8112_chron
7264,87.21434081335788,7264_chron
7608,87.21486027991655,7608_chron
8110,87.21668051457061,8110_acute
6939,87.22565676558523,6939_chron
7581,87.23747515512356,7581_chron
6601,87.24003350546242,6601_chron
7039,87.24097630420755,7039_chron
5169,87.24444423492153,5169_chron
6302,87.250818612626,6302_chron
7676,87.25111141127519,7676_chron
7647,87.27258972361308,7647_chron
8039,87.27613689803324,8039_chron
7913,87.27982382868923,7913_chron2
6828,87.28848237753482,6828_chron
7932,87.2898884069201,7932_chron
7921,87.29916286373448,7921_chron
7494,87.33410301040708,7494_chron
6930,87.3364558242508,6930_chron
7750,87.34266525584498,7750_chron
7143,87.34361502092897,7143_chron
7346,87.34805795348974,7346_chron
8018,87.35074741343678,8018_chron2
7911,87.36123549288325,7911_chron
7625,87.39507437724336,7625_chron
7000,87.3962312669105,7000_chron
7723,87.3981028642434,7723_chron
6715,87.40349095251437,6715_chron
6710,87.4118643807332,6710_chron
8051,87.41231670000462,8051_chron
7048,87.4191607422435,7048_chron
7996,87.421306471902,7996_acute2
7954,87.44641998626854,7954_chron
5002,87.45266617301597,5002_chron
7641,87.45608804378016,7641_chron
7644,87.46765099816733,7644_chron2
7544,87.47135464117602,7544_chron
5882,87.48188833172732,5882_chron
7504,87.48732726828858,7504_chron
2534,87.49022532056375,2534_chron
7602,87.51262410586308,7602_chron
6851,87.5328095680184,6851_chron
6611,87.5356367567445,6611_chron
7677,87.55626877006026,7677_chron
7259,87.5583291495963,7259_chron
7871,87.56003350634742,7871_chron2
7752,87.56266495212085,7752_chron
7254,87.56429686280708,7254_chron
6825,87.59842450058737,6825_chron
5087,87.60046518616487,5087_chron
3471,87.60615176241097,3471_chron
5898,87.6194766730553,5898_chron
8064,87.62345271820347,8064_chron
6385,87.62637700810144,6385_chron
6745,87.62676100794,6745_chron2
7354,87.62841403505824,7354_chron
3625,87.63171509671969,3625_chron
6008,87.63982654119239,6008_chron
6631,87.64635238884321,6631_chron
6849,87.66800255098691,6849_chron
3985,87.68894344939496,3985_chron
7861,87.69564006033042,7861_chron
8031,87.70683416315718,8031_chron
5894,87.71318894722211,5894_chron
7434,87.71627267524971,7434_chron
7721,87.72339119407853,7721_chron
8086,87.72521685853862,8086_chron
5448,87.73438870816156,5448_chron
7035,87.73525335394815,7035_chron
7231,87.74093088168323,7231_chron
7866,87.7434850047752,7866_chron2
7656,87.74904381858758,7656_chron
8016,87.7557883571489,8016_chron
7764,87.75842537993263,7764_chron
6458,87.76159625121565,6458_chron
8122,87.77423268626933,8122_chron
8060,87.78198249004868,8060_chron
6987,87.78212415491339,6987_chron
7846,87.7961174693808,7846_chron
7877,87.80735445628758,7877_chron
5147,87.82338121038809,5147_chron
3425,87.82419735822911,3425_chron
8136,87.8265979892964,8136_chron
7720,87.82980101230424,7720_chron
4371,87.8307157814997,4371_chron
5675,87.85280405505591,5675_chron
3669,87.85354242837296,3669_chron
6863,87.85363671864374,6863_chron
7490,87.86168420022992,7490_chron
8121,87.86456163963061,8121_chron
7098,87.86835710926925,7098_chron
4298,87.87195424853984,4298_chron
4039,87.8745376614074,4039_chron
7506,87.88279146975101,7506_chron
7005,87.90100703455995,7005_chron
7620,87.90955619464869,7620_chron2
7702,87.92018889294091,7702_chron2
7577,87.93289031143192,7577_chron
7890,87.98508883290843,7890_chron
5650,87.99147587185165,5650_chron
5805,87.99203466560927,5805_chron
7276,87.99313282878124,7276_chron
7321,87.99389563461101,7321_chron
6146,87.99421458916848,6146_chron
6694,88.00332129370958,6694_chron2
7412,88.00434888145924,7412_chron
7565,88.01843770274827,7565_chron
8174,88.02109345731802,8174_chron
6936,88.02271974507232,6936_chron
7460,88.0253627120433,7460_chron
7713,88.04005526245574,7713_chron
7967,88.04326750331218,7967_chron
7956,88.04477307791257,7956_chron2
6347,88.04505141279898,6347_chron
8008,88.05089123026023,8008_chron
8049,88.06338112680751,8049_chron
8206,88.06484929146401,8206_chron2
7952,88.07373289031445,7952_chron2
6985,88.07794968649146,6985_chron
8024,88.07875932082925,8024_chron
4969,88.08897281807225,4969_chron
5899,88.0973140716738,5899_chron
8004,88.1101715731237,8004_chron2
7811,88.11098313162843,7811_chron2
6897,88.1112647160069,6897_chron
6819,88.11864711943166,6819_chron
7681,88.12190123432937,7681_chron2
7984,88.13191174798087,7984_chron
7853,88.14025354810305,7853_chron
7486,88.1455591881106,7486_chron
7709,88.14768794976736,7709_chron
7868,88.16325674917603,7868_acute
7148,88.1635905527382,7148_chron
8229,88.18452359170867,8229_chron
6545,88.18621735699737,6545_chron
8124,88.1896931072417,8124_chron
7977,88.19724076009065,7977_chron
8088,88.24124850065094,8088_chron
8287,88.25316641874699,8287_acute
7774,88.25475004120334,7774_chron
7808,88.26232826888172,7808_chron
7107,88.2623846792324,7107_chron
7431,88.27122434390284,7431_chron
7670,88.2741540087046,7670_chron
8178,88.281605908407,8178_chron2
7959,88.2840367763988,7959_chron
7534,88.28801537599917,7534_chron
7798,88.29720709793088,7798_chron
7471,88.29889963909594,7471_chron
7945,88.30222962690179,7945_chron
6922,88.31448190195098,6922_chron
4962,88.32907769878601,4962_chron
5615,88.3310536591794,5615_chron
6282,88.36398809237656,6282_chron
8220,88.38020058075003,8220_chron
7768,88.38383644105066,7768_chron
6984,88.38778073322017,6984_chron
7690,88.41338256270603,7690_chron
8196,88.41338704642081,8196_chron
3975,88.41523196748912,3975_chron
8286,88.43135979264086,8286_chron2
7951,88.4410126795204,7951_chron2
7091,88.44412605141463,7091_chron
7174,88.4446600058299,7174_chron
8198,88.45336743344573,8198_chron
8050,88.45452201699628,8050_chron
6761,88.4577983437272,6761_chron
8076,88.47898548881024,8076_chron
8135,88.48935484417456,8135_chron
7885,88.49688117070153,7885_chron
7552,88.5131703667147,7552_chron
4367,88.52814333288525,4367_chron
7558,88.53204492393151,7558_chron
7979,88.54751259419041,7979_chron
7772,88.55268712169425,7772_chron
7660,88.55415111315354,7660_chron
6978,88.55656160961652,6978_chron
7837,88.56547560401853,7837_chron2
8156,88.58495755374432,8156_chron
6124,88.61666392631004,6124_chron
5957,88.63793706384166,5957_chron
6413,88.63797938870064,6413_chron
8238,88.64602848814523,8238_chron
7914,88.65191476721085,7914_chron
7857,88.66245103084104,7857_chron2
8098,88.6680345338043,8098_chron
7631,88.66945407645362,7631_chron
8173,88.69896830662034,8173_chron2
8251,88.70259803862751,8251_chron
7992,88.70615238254825,7992_chron
5522,88.71929399102041,5522_chron
6672,88.72039183627294,6672_chron
6980,88.7220839447134,6980_chron
8217,88.72600761910658,8217_chron
7575,88.73076082180698,7575_chron
7829,88.75428420434734,7829_chron2
8219,88.7763487787357,8219_chron
6604,88.79472123208852,6604_chron
8118,88.79758397545649,8118_chron
7900,88.79926172984504,7900_chron2
6937,88.80012927124629,6937_chron
6774,88.80999244036887,6774_chron
5946,88.81249756650509,5946_chron
7897,88.8163610574832,7897_chron2
7594,88.8200685016287,7594_chron2
8356,88.82259175824728,8356_acute
7290,88.826366962134,7290_chron
8014,88.82679287360574,8014_chron
6569,88.8295605094263,6569_chron
7596,88.83486531748656,7596_chron
7493,88.8519625027128,7493_chron
7306,88.85610775776301,7306_chron
8058,88.85860034768343,8058_chron
6955,88.86755610026772,6955_chron
7300,88.86843131828137,7300_chron
7080,88.90182242242206,7080_chron
5542,88.9131649517208,5542_chron
7459,88.92881970082152,7459_chron
5633,88.94326238141053,5633_chron
3994,88.94520329560953,3994_chron
7114,88.95589675306863,7114_chron
8195,88.95886137641592,8195_chron
8205,88.96972135811275,8205_chron
7953,88.97060812617498,7953_chron
7205,88.98865382472289,7205_chron
7880,89.01158576562192,7880_chron
8035,89.01492701236215,8035_chron
6891,89.03143941798453,6891_chron
7196,89.0316013872926,7196_chron
6497,89.07843287294972,6497_chron
7812,89.09914285151082,7812_chron
8164,89.11533989601173,8164_chron
7815,89.12067951641501,7815_chron
7397,89.12625206759904,7397_chron
7995,89.14082957182794,7995_chron2
7548,89.1489062823302,7548_chron
6911,89.14967245373207,6911_chron
7547,89.15487928562328,7547_chron
6912,89.15740314287542,6912_chron
3852,89.17104381809467,3852_chron
7715,89.17182471984108,7715_chron
8126,89.17805531962777,8126_chron
8231,89.1942882226068,8231_chron
6790,89.21043440658003,6790_chron
7221,89.21171115584576,7221_chron
8109,89.21280878708022,8109_chron
8091,89.216129336519,8091_chron
7671,89.21653205703583,7671_chron
8080,89.25753041941755,8080_chron
8301,89.2618173686254,8301_chron
6557,89.26672403104524,6557_chron
7733,89.28125729955424,7733_chron
8143,89.28278589940693,8143_chron
8131,89.29237475601931,8131_chron
8147,89.30654518137258,8147_chron
6443,89.31301761279427,6443_chron
7691,89.32308861895531,7691_chron
8127,89.32585500969125,8127_chron2
6996,89.32745505821278,6996_chron
6883,89.34029428238283,6883_chron
8211,89.34118022321218,8211_chron
4406,89.34857521619283,4406_chron
5473,89.35048502701281,5473_chron
7458,89.35861490650011,7458_chron
6966,89.37565594354034,6966_chron
7849,89.38788734004957,7849_chron
6763,89.39280965525822,6763_chron
8274,89.39740188158986,8274_chron2
8261,89.42593063615342,8261_chron
6848,89.43150540732677,6848_chron
7729,89.44045491414604,7729_chron
7125,89.442176124364,7125_chron
7907,89.44265044473116,7907_chron
4943,89.45901867744483,4943_chron
6893,89.46181345942024,6893_chron
5370,89.47144045266539,5370_chron
7441,89.49276312621322,7441_chron
8209,89.49839365369871,8209_chron
6938,89.49839887860078,6938_chron
6959,89.50552631774507,6959_chron
8192,89.50639458625473,8192_chron
8021,89.51126442841041,8021_chron
7975,89.51334626005801,7975_chron
8365,89.51870382446778,8365_chron
7449,89.5360974860742,7449_chron
7389,89.53825761482139,7389_chron
7136,89.54070052818066,7136_chron
8133,89.5483527839473,8133_chron
8094,89.55446787429123,8094_chron
3083,89.57116103359272,3083_chron
7498,89.57147532931667,7498_chron
8097,89.57830892270368,8097_chron
7537,89.58090964432193,7537_chron2
8336,89.58291588075878,8336_chron2
8157,89.58309765741622,8157_chron
8170,89.58568544498787,8170_chron
6824,89.58756975518087,6824_chron
8391,89.59546508685669,8391_chron2
7320,89.60630485948326,7320_chron
8148,89.60719445414398,8148_chron
7908,89.6155691242185,7908_chron
6591,89.61768673550964,6591_chron
6928,89.62577517656015,6928_chron2
7817,89.62779994595111,7817_chron
6157,89.63003458023931,6157_chron
6063,89.63315741028013,6063_chron
8082,89.64396596451378,8082_chron
8023,89.6463719067137,8023_chron
7543,89.65677118894244,7543_chron2
6182,89.67382395654438,6182_chron
7983,89.67398631755147,7983_chron
5817,89.67798679689972,5817_chron
6560,89.68470966924538,6560_chron
6005,89.70741014874382,6005_chron
6481,89.70781807922614,6481_chron
7633,89.71205919324608,7633_chron
6329,89.71350166832693,6329_chron
7642,89.72016802180387,7642_chron
8297,89.72032571493648,8297_chron
7560,89.72528352533429,7560_chron
7997,89.78224689970934,7997_chron
7926,89.83958647506026,7926_chron
2116,89.84373282082322,2116_chron
8012,89.85464886212868,8012_chron
8199,89.86183709126196,8199_chron
6180,89.86545679240172,6180_chron
7480,89.86728714239456,7480_chron
8208,89.88154534767277,8208_chron
7966,89.89428469829565,7966_chron
7803,89.8986558555447,7803_chron
8371,89.93739635775579,8371_chron2
7310,89.9374622651192,7310_chron
8222,89.93847284200902,8222_chron
6500,89.95012700314855,6500_chron
6878,89.95223411948218,6878_chron
8240,89.95886116034332,8240_chron
5860,89.96856726662848,5860_chron
7872,89.97224560974962,7872_chron
8037,89.97326828989584,8037_chron
7643,89.98437214008361,7643_chron
7981,89.9877039277185,7981_chron
8387,89.99428905035104,8387_chron
7976,90.01265430780454,7976_chron
7696,90.01600689855222,7696_chron
8138,90.02868210300429,8138_chron
7585,90.05148153697456,7585_chron
8092,90.05675610642813,8092_chron
8189,90.06900588276423,8189_chron
8315,90.07798789243155,8315_chron
8078,90.09993445273052,8078_chron
3383,90.1006809021139,3383_chron
7492,90.10500115740543,7492_chron
8271,90.11838049359977,8271_chron
8478,90.12549521235194,8478_chron
7781,90.13823132141391,7781_chron
7903,90.14250149234756,7903_chron
8167,90.14461285582556,8167_chron
7508,90.15129311568022,7508_chron
7199,90.15866401633862,7199_chron
8185,90.1712050429252,8185_chron2
6486,90.1876451901783,6486_chron
8029,90.19646858589857,8029_chron
7902,90.20105092048681,7902_chron
6122,90.20120368794353,6122_chron
7395,90.20210770880642,7395_chron
8457,90.21067897073998,8457_chron2
8169,90.2231571590931,8169_chron
8246,90.22936841717701,8246_chron
7527,90.2407536097434,7527_chron
2475,90.2422861701371,2475_chron
7062,90.2483633585029,7062_chron
6204,90.24841648475089,6204_chron
6752,90.25671736367718,6752_chron
8320,90.25700521492293,8320_chron2
4732,90.2578375323454,4732_chron
8290,90.26556545725805,8290_chron2
7562,90.26993272686683,7562_chron
7559,90.28326998278646,7559_chron
7895,90.28733428088756,7895_chron
5993,90.30721100759922,5993_chron
6702,90.32335172703091,6702_chron
7925,90.33727930050699,7925_chron
8278,90.34849825454346,8278_chron
7604,90.3517849945142,7604_chron
7856,90.35187349397624,7856_chron2
8392,90.35986046755498,8392_chron2
7851,90.36347074389529,7851_chron
8421,90.37251772806131,8421_chron
7793,90.37317470181146,7793_chron
8317,90.423592671214,8317_chron
6528,90.42440070023804,6528_chron
8111,90.43120590135361,8111_chron
8045,90.45279439263764,8045_chron
4370,90.48291238444564,4370_chron
7042,90.48542245100253,7042_chron
8321,90.490608308035,8321_chron
8293,90.49971375163626,8293_chron
8067,90.50190050946655,8067_chron
7344,90.541068014922,7344_chron
8184,90.5507109088447,8184_chron
7292,90.56265213600571,7292_chron
7675,90.56349947557763,7675_chron
5061,90.56831814877235,5061_chron
8106,90.57437364305645,8106_chron2
5669,90.59448028920566,5669_chron
8514,90.60338702736198,8514_chron
6263,90.60663023639378,6263_chron
2337,90.61082482275387,2337_chron
7833,90.61822443314973,7833_chron
7115,90.62065841618904,7115_chron
8212,90.62239655893268,8212_chron
7974,90.62264102931965,7974_chron
7816,90.62352187503406,7816_chron
6230,90.62794114750407,6230_chron
7971,90.64763241524457,7971_chron
8030,90.64828793082458,8030_chron
8522,90.65507321303357,8522_chron
7943,90.6553439451648,7943_chron
8370,90.65831928098098,8370_chron
5187,90.6687554681314,5187_chron
7883,90.69274861203345,7883_chron
8350,90.7049699884262,8350_chron
8162,90.77013848285219,8162_chron
8194,90.77184435556686,8194_chron2
8187,90.77805213922362,8187_chron
8273,90.78347019134809,8273_chron
8074,90.79597828618232,8074_chron
7936,90.8120280423682,7936_chron2
5902,90.81627386452777,5902_chron
7788,90.8233203093209,7788_chron
5449,90.82929989151754,5449_chron
7636,90.83029835757101,7636_chron
4449,90.83084928387187,4449_chron
8243,90.86708768677006,8243_chron
8204,90.87084250690607,8204_chron
8398,90.87960761285345,8398_chron
7832,90.88494237060586,7832_chron2
8453,90.89620216517764,8453_chron
7022,90.90206904595038,7022_chron
8144,90.90929973201676,8144_chron2
8230,90.91820251130754,8230_chron
7044,90.95827582275575,7044_chron
8547,90.97524865654535,8547_acute
4773,90.98251217672977,4773_chron
8207,91.01342567456567,8207_chron
8193,91.02641273038141,8193_chron
7627,91.02849933383793,7627_chron
8405,91.03138641709828,8405_acute
7978,91.03389285974814,7978_chron
7583,91.04574055329978,7583_chron
8210,91.0507951558841,8210_chron
5317,91.05454762572676,5317_chron
8114,91.05548697692883,8114_chron
7809,91.06011478921421,7809_chron
8241,91.07862127760522,8241_chron2
7081,91.09329330790214,7081_chron
6829,91.11211994257103,6829_chron
7700,91.11455981073023,7700_chron
8473,91.11913710417845,8473_chron2
7223,91.12046584295317,7223_chron
8105,91.1399176236152,8105_chron
7718,91.16313423261379,7718_chron
6827,91.17554175741762,6827_chron
8381,91.18484457151231,8381_chron
6623,91.18552921528192,6623_chron
7807,91.19569031152457,7807_chron
5703,91.21557898008801,5703_chron
8588,91.22240412292761,8588_acute
8486,91.24171995431169,8486_chron2
7726,91.24718662227833,7726_chron
8448,91.25770301309312,8448_chron
8460,91.27505327460361,8460_chron
7685,91.30043345332776,7685_chron
7942,91.32265174188238,7942_chron
7597,91.33297037947656,7597_chron
7669,91.34585512801574,7669_chron
8075,91.36771273633022,8075_chron2
7689,91.38206561347344,7689_chron
8083,91.38960613964016,8083_chron
7882,91.41406149003714,7882_chron
5979,91.41836055390262,5979_chron
8507,91.41847130208859,8507_chron
8159,91.42093350819655,8159_chron
7063,91.421765562785,7063_chron
7836,91.43917163918856,7836_chron
8511,91.44038119654665,8511_chron
8017,91.4424694967431,8017_chron
7567,91.4517014711696,7567_chron
8354,91.45471568444735,8354_chron
6791,91.4591942964355,6791_chron
7928,91.47676190452546,7928_chron
6899,91.4784819205457,6899_chron
8013,91.48467345906562,8013_chron
8267,91.4913605768657,8267_chron2
8474,91.5003871553067,8474_chron2
4926,91.54742058086467,4926_chron
7632,91.55957754052118,7632_chron
8104,91.56045920239093,8104_chron
7734,91.56066911658931,7734_chron
8533,91.56492924725772,8533_acute
7754,91.5662018389886,7754_chron2
7250,91.56849511089563,7250_chron
7030,91.57501166361537,7030_chron
8358,91.5758990153464,8358_chron
7916,91.58346084738747,7916_chron
8641,91.5957135754035,8641_acute
7325,91.6136359141039,7325_chron
7256,91.63979461362864,7256_chron
8427,91.64359849140658,8427_chron
8402,91.65337682287625,8402_chron2
6324,91.65418644853699,6324_chron
8319,91.65434629060141,8319_chron2
5539,91.67283796734196,5539_chron
8468,91.67970115396763,8468_chron
7427,91.68460271725213,7427_chron
8369,91.6868595610362,8369_chron
8545,91.68792610863639,8545_acute
8544,91.71326036969647,8544_chron
6539,91.71633611426243,6539_chron
8435,91.7234025228292,8435_chron
4720,91.73523517952289,4720_chron
7896,91.73860475445771,7896_chron
8026,91.7539328783745,8026_chron
7468,91.7711972035538,7468_chron
8464,91.77834414737546,8464_chron
8594,91.80080491932364,8594_acute
7826,91.80146367576225,7826_chron
8462,91.80426996510786,8462_chron2
6679,91.80634558680282,6679_chron
7824,91.80636527723459,7824_chron2
7825,91.82819130541158,7825_chron
7884,91.83760562723842,7884_chron
8140,91.845135351749,8140_chron
8449,91.84767816879456,8449_chron
8643,91.85010116622186,8643_chron
5494,91.85666612618199,5494_chron
8265,91.86184185344834,8265_chron
7699,91.87059034908441,7699_chron
8471,91.87167108169416,8471_acute
8584,91.87268097492314,8584_chron
8041,91.87858630745903,8041_chron
8580,91.87966188093546,8580_acute
8100,91.88098771892452,8100_chron
7794,91.8895902321219,7794_chron
8239,91.9112565833876,8239_chron
7576,91.92010847661469,7576_chron
8497,91.92498961767201,8497_chron2
7160,91.92508979699042,7160_chron
8235,91.92896083574327,8235_chron
7328,91.93847589386452,7328_chron
8538,91.96862136844483,8538_chron
8276,91.980362668884,8276_chron
7287,91.98310986395319,7287_chron
7066,91.98927657319828,7066_chron
8546,91.99481111466977,8546_acute
8434,91.99606444790174,8434_chron
7710,91.99758441952442,7710_chron
7712,92.01158894088093,7712_chron
8272,92.01462403517391,8272_chron2
7777,92.01630150848324,7777_chron
8607,92.02614421041244,8607_chron
7420,92.02931938487482,7420_chron
8592,92.04180232074441,8592_chron
8510,92.05751721200872,8510_chron
8574,92.0591383885877,8574_chron
7759,92.06184149674618,7759_chron
8006,92.0738501778373,8006_chron
6993,92.0746560746093,6993_chron
7362,92.07844715505324,7362_chron
8032,92.07929234725913,8032_chron
6421,92.09016320644123,6421_chron
8337,92.09604380851603,8337_chron
8658,92.09734245555927,8658_chron2
7980,92.10421164326638,7980_chron
8526,92.11107259124955,8526_chron
7850,92.11294541685082,7850_chron
8328,92.12077087038308,8328_chron
8085,92.12614931946194,8085_chron
8084,92.13495913089967,8084_chron
7747,92.13616545249215,7747_chron
7542,92.15251569601534,7542_chron
8325,92.15872077172571,8325_chron
6970,92.16039266148299,6970_chron
8549,92.16137218149554,8549_chron
8346,92.17993040582843,8346_chron
7616,92.1945776492573,7616_chron
8262,92.19926874124214,8262_chron
7989,92.21436053923675,7989_chron
8221,92.21794894174644,8221_chron
5167,92.22548639991166,5167_chron
8010,92.22643271402936,8010_chron
7869,92.23147747280301,7869_chron
8667,92.24611349006811,8667_chron
7993,92.25253442354943,7993_chron
7773,92.2592718606777,7773_chron
7595,92.27185956721758,7595_chron
6194,92.27206627647202,6194_chron
7104,92.27688148251154,7104_chron
8329,92.27828959415442,8329_chron
8678,92.29032264704165,8678_chron
6958,92.29409157907365,6958_chron
8269,92.31075296080776,8269_chron2
7910,92.31092877405777,7910_chron
8253,92.32487306273192,8253_chron
5723,92.33290359408167,5723_chron
8335,92.36845802319729,8335_chron2
7760,92.3705394021855,7760_chron2
8108,92.38370555758037,8108_chron
8342,92.38851822704737,8342_chron
5659,92.38897981099797,5659_chron
6144,92.39258278194082,6144_chron
8176,92.39514666876627,8176_chron
8183,92.39664885035293,8183_chron
8061,92.39814570133635,8061_chron2
8130,92.43227813964776,8130_chron
6535,92.43587010187252,6535_chron
8359,92.44094562807936,8359_chron
7146,92.4675083224954,7146_chron
8690,92.47066380908124,8690_chron
8341,92.47445479806102,8341_chron
8715,92.48010548928282,8715_chron2
6509,92.48551704642693,6509_chron
7622,92.49216833873217,7622_chron
6162,92.52637772217359,6162_chron
8175,92.52845388240956,8175_chron
8701,92.5317772190866,8701_chron
8483,92.54040391182599,8483_chron
8310,92.54113306459149,8310_chron
8360,92.54983278526029,8360_chron
4653,92.55914687165114,4653_chron
8377,92.56188014350965,8377_chron2
6600,92.57284857909481,6600_chron
7791,92.57556081592641,7791_chron
8610,92.58059855867255,8610_chron
7404,92.59311242143447,7404_chron
6992,92.59365225078504,6992_chron
7033,92.60404000077055,7033_chron
8724,92.60447773238573,8724_chron2
8268,92.60489585083009,8268_chron
8188,92.60646377080555,8188_chron
8426,92.6181947534437,8426_chron
7333,92.62760576181319,7333_chron
8521,92.63185175288308,8521_chron
8636,92.6396557661202,8636_chron2
8410,92.64489103380788,8410_chron2
4620,92.66389176418885,4620_chron
7340,92.67304247205074,7340_chron
8347,92.67312437485174,8347_chron
8172,92.68475678781054,8172_chron
7147,92.68502848646075,7147_chron
8373,92.69896362602867,8373_chron
7934,92.70847783950435,7934_chron
7651,92.71386778208044,7651_chron
6654,92.74673799591879,6654_chron
8581,92.75420414245198,8581_chron
4095,92.76955470717607,4095_chron
7295,92.81554913934932,7295_chron
7341,92.81867244163175,7341_chron
8700,92.82887378583649,8700_chron
8498,92.87888837622134,8498_chron2
7918,92.89299043914191,7918_chron
7887,92.9124955261145,7887_chron2
8071,92.92066419518949,8071_chron
8171,92.92144629776139,8171_chron
8696,92.92429033273297,8696_chron
7737,92.92745526380679,7737_chron
8343,92.94449355501665,8343_chron
8539,92.95151737351291,8539_chron
7162,92.95169880735087,7162_chron
8155,92.95342362787788,8155_chron
8529,92.97000969821032,8529_chron
7639,92.97793440947599,7639_chron
8331,92.9801529671097,8331_chron
8490,92.9929017186074,8490_chron
6116,93.00030290891301,6116_chron
7457,93.02342781523363,7457_chron
8717,93.0395556368965,8717_chron2
6952,93.06427337475601,6952_chron
7821,93.07095124161125,7821_chron
7667,93.08177719911096,7667_chron
8595,93.08378107904751,8595_chron
8079,93.08775570403644,8079_chron
8000,93.09969660915307,8000_chron2
7889,93.10353553450814,7889_chron
7659,93.1077213874222,7659_chron
7922,93.10915182306306,7922_chron
7714,93.1196867277537,7714_chron
8153,93.11986716603154,8153_chron
8180,93.12131038087263,8180_chron
8408,93.12307311549526,8408_chron
8446,93.12748688772325,8446_chron
8621,93.13788584760132,8621_chron
8389,93.14862181956455,8389_chron
5103,93.16821193209363,5103_chron
8415,93.18378592359154,8415_chron
6954,93.20087481093583,6954_chron
8223,93.22368210644896,8223_chron
8428,93.22508282306154,8428_chron
8397,93.22529051832888,8397_chron
7248,93.26880251317803,7248_chron
6957,93.27887687381401,6957_chron
8622,93.28275110511792,8622_chron
5617,93.29383250013882,5617_chron
8357,93.30419813851026,8357_chron
7693,93.32196544670285,7693_chron
7410,93.33462736911328,7410_chron
7470,93.33610653372699,7470_chron
8340,93.38275919308754,8340_chron
8722,93.38519070740385,8722_chron
7986,93.38872740843918,7986_chron2
6656,93.39071588082054,6656_chron
8534,93.39540245957227,8534_chron
8566,93.40505374023991,8566_chron
8416,93.41133413471195,8416_chron
7784,93.42181813627506,7784_chron
8349,93.42524991206038,8349_chron
8190,93.44283419755006,8190_chron
1253,93.44399256897185,1253_chron
8115,93.44830866374328,8115_chron
6655,93.4517018713141,6655_chron
8225,93.48599889741742,8225_chron
5086,93.49063654082339,5086_chron
7881,93.49792046679264,7881_chron
8260,93.50499474903037,8260_chron2
8745,93.51117650980544,8745_chron
8375,93.51448702059406,8375_chron
6541,93.52611089749878,6541_chron
4681,93.52772741544862,4681_chron
6706,93.5311010079408,6706_chron
7214,93.53137277936054,7214_chron
8567,93.5367263122109,8567_chron2
6818,93.54665210033002,6818_chron
8353,93.56462113602848,8353_chron
8655,93.5717307618883,8655_chron
8339,93.6071908594901,8339_chron
8326,93.60775284237613,8326_chron
8324,93.60854079353031,8324_chron
7742,93.62452678924757,7742_chron
7876,93.62554903306456,7876_chron
8020,93.6453997080658,8020_chron
4910,93.64777002037636,4910_chron
6767,93.65639643002991,6767_chron
8254,93.65695338651598,8254_chron
7905,93.65949271375293,7905_chron
8028,93.66345376372605,8028_chron
8707,93.68293656546619,8707_chron
8770,93.70875606459802,8770_chron2
7167,93.71325529710401,7167_chron
8808,93.72634311055415,8808_chron2
7694,93.74468980507079,7694_chron
8482,93.75013289578182,8482_chron
8660,93.76215046850405,8660_chron
8642,93.76536220658951,8642_chron
6350,93.76962276777998,6350_chron
7661,93.77111811617502,7661_chron
7483,93.79372087040888,7483_chron
8600,93.79990442717008,8600_chron
8066,93.81789891884854,8066_chron
8072,93.82331332426232,8072_chron
8436,93.83184275618659,8436_chron
7015,93.84646002646758,7015_chron
8773,93.85428515990047,8773_chron
8264,93.85459608229722,8264_chron
7454,93.85920416660873,7454_chron
8299,93.86380160995604,8299_chron
8044,93.86703562429508,8044_chron
4807,93.88005562789597,4807_chron
7617,93.8802649881934,7617_chron
8704,93.89905494154952,8704_chron2
8743,93.93174501742499,8743_chron
7944,93.94660433067895,7944_chron
8280,93.94882223433791,8280_chron
8799,93.94933262863103,8799_chron
4938,93.95028048433069,4938_chron
7687,93.95088758426641,7687_chron
8535,93.96436203265112,8535_chron
7396,93.97025212610116,7396_chron
8445,93.97091160559734,8445_chron
8571,93.97447242411785,8571_chron
8731,93.9793246451231,8731_chron
7886,93.98410841477013,7886_chron
7440,93.9898458726564,7440_chron
8308,93.99892391229425,8308_chron
8322,94.00570680510856,8322_chron
7842,94.01594214309237,7842_chron
8854,94.0302507078894,8854_chron
5724,94.0305488631326,5724_chron
8681,94.03201502493798,8681_chron
8732,94.03342624654861,8732_chron2
8499,94.04876990416302,8499_chron
7171,94.05675173779557,7171_chron
7128,94.06246234369402,7128_chron
7843,94.06690581176812,7843_chron
8669,94.06760579397292,8669_chron
8345,94.08609625543633,8345_chron
8294,94.09317502493622,8294_chron
7652,94.09959523676552,7652_chron
8311,94.10085180020894,8311_chron
8390,94.12292828174897,8390_chron
8475,94.1239859141489,8475_chron
8152,94.13262832496014,8152_chron
8481,94.13396085475615,8481_chron2
6299,94.14314193762655,6299_chron
7263,94.144876538406,7263_chron
8587,94.1505438695572,8587_chron
8673,94.16335122760208,8673_chron
8787,94.18044100059365,8787_chron
7987,94.19180031707926,7987_chron
8626,94.19377422776678,8626_chron2
8708,94.21954198153938,8708_chron
8752,94.24029488744041,8752_chron
8807,94.26511863350623,8807_chron2
8751,94.29927122550629,8751_chron2
8477,94.3110226089203,8477_chron
8137,94.31333791891889,8137_chron
8005,94.31441673474457,8005_chron
8578,94.31834244098242,8578_chron
7716,94.31913841613051,7716_chron
8654,94.32170973820777,8654_chron
8444,94.32600997322199,8444_chron
7909,94.33167273461774,7909_chron
8433,94.34025688389683,8433_chron
8081,94.34137741526813,8081_chron
8233,94.3469485661043,8233_chron
7778,94.35145898254326,7778_chron
8182,94.35653994674567,8182_chron
8059,94.3567577560329,8059_chron
7563,94.36716567709897,7563_chron
7390,94.38689792605633,7390_chron
8805,94.39348767416512,8805_chron2
6331,94.43266398043929,6331_chron
7973,94.43602223486056,7973_chron
8671,94.445567193334,8671_chron
8646,94.45559075978066,8646_chron2
8748,94.46304574303173,8748_chron
8388,94.46815371459248,8388_chron2
7937,94.47559682182943,7937_chron
8589,94.47981028049873,8589_chron
7813,94.48342686144602,7813_chron
8851,94.48347193794179,8851_chron
6843,94.49003361032061,6843_chron
7763,94.4926562625298,7763_chron
8380,94.49278363487313,8380_chron
8053,94.49834535892832,8053_chron
8132,94.50423813006036,8132_chron
8417,94.50835434543215,8417_chron
8861,94.51007308877507,8861_chron
8333,94.51473009492817,8333_chron
7748,94.5161502679678,7748_chron
7025,94.51745087768266,7025_chron
7666,94.52378167292639,7666_chron
8275,94.54110193339812,8275_chron
6529,94.549038153636,6529_chron
8615,94.56346631439408,8615_chron
7637,94.57783947518578,7637_chron
8542,94.60361688301924,8542_chron2
8582,94.60584333554596,8582_chron
7912,94.61109044561424,7912_chron
8419,94.62348063815011,8419_chron
7820,94.62567505446415,7820_chron
8304,94.64847328758827,8304_chron
1968,94.65200889850912,1968_chron
8282,94.68219016043471,8282_chron
8841,94.68758012282149,8841_chron
7591,94.688381541018,7591_chron
8675,94.69889266053997,8675_chron
8865,94.70247757160904,8865_chron
7619,94.71991444839894,7619_chron
6923,94.728700794845,6923_chron
8682,94.73130679392037,8682_chron
7197,94.76743964837516,7197_chron
8779,94.77379667320285,8779_chron
3328,94.77729082578657,3328_chron
7960,94.80008315187212,7960_chron
8885,94.80424010796906,8885_chron
8007,94.81586890693511,8007_chron
7564,94.82715867814336,7564_chron
7682,94.83107000881216,7682_chron
8940,94.84763763558452,8940_acute2
8430,94.85421300797005,8430_chron
8815,94.85471276443849,8815_chron
7969,94.86655662915527,7969_chron
8757,94.87321083601424,8757_chron
8813,94.87702262195259,8813_chron
8163,94.89636222703982,8163_chron
8149,94.9112004274655,8149_chron2
7743,94.92093769346351,7743_chron
8472,94.93683591136077,8472_chron2
8068,94.94637758740151,8068_chron
8046,94.95430662061881,8046_chron
8052,94.95694088100224,8052_chron
8639,94.95903940882312,8639_chron2
8857,94.95929158278977,8857_chron2
8440,94.97129027173789,8440_chron
8379,94.98203030726043,8379_chron
8645,95.01682080025763,8645_chron
8279,95.01688138857584,8279_chron
8557,95.02821564589564,8557_chron
8378,95.09128014890133,8378_chron
7950,95.09580416419041,7950_chron2
6315,95.09835474224175,6315_chron
8003,95.10498165303383,8003_chron
7626,95.10793170904068,7626_chron
8134,95.12749805200147,8134_chron
8884,95.1336090450837,8884_chron
8489,95.14061793907112,8489_chron2
8455,95.14324202135394,8455_chron
7358,95.14547455952795,7358_chron
8396,95.14700876819843,8396_chron
8277,95.15099934947777,8277_chron
8726,95.15442328805746,8726_chron
8893,95.15795048278245,8893_chron2
7615,95.16962888027719,7615_chron
8292,95.19661744509682,8292_chron2
3088,95.1986489048663,3088_chron
5402,95.20003374272005,5402_chron
8776,95.20325656898522,8776_chron
4597,95.22509829693671,4597_chron
8099,95.22904403120232,8099_chron
5414,95.23529083093891,5414_chron
7749,95.24182789989146,7749_chron
8723,95.2469895270488,8723_chron
8834,95.24949454393703,8834_chron2
6355,95.2505365720522,6355_chron
7500,95.27398898121416,7500_chron
8712,95.27546184316583,8712_chron
8575,95.28508186506134,8575_chron
8512,95.29114753822768,8512_chron
7765,95.29322750583637,7765_chron
8406,95.29408940594035,8406_chron
8361,95.3069583553339,8361_chron
8407,95.31011586211869,8407_chron2
8689,95.31268644403178,8689_chron
8065,95.34124884122102,8065_chron
8093,95.34362687096728,8093_chron
8303,95.34706924377606,8303_chron
8769,95.35070958162376,8769_chron
8242,95.35547284331547,8242_chron
8062,95.36233571097605,8062_chron
8101,95.36692564623073,8101_chron
7357,95.39547185325824,7357_chron
8166,95.39612980361946,8166_chron
8232,95.39664129731524,8232_chron
6788,95.39750052381663,6788_chron
7814,95.40845078345832,7814_chron
8385,95.41033865805946,8385_chron
8820,95.43811973479644,8820_chron
8796,95.43889517144657,8796_chron
8987,95.44847020126575,8987_acute
8942,95.45623951687946,8942_chron
6031,95.46400299914853,6031_chron
6717,95.49196525279471,6717_chron
8829,95.50122274719125,8829_chron
7831,95.50608959221938,7831_chron
8215,95.50875741523741,8215_chron
7018,95.5107784506925,7018_chron
8376,95.53790608607572,8376_chron
8831,95.54122501235577,8831_chron
8555,95.54999833367341,8555_chron2
8484,95.5504212212884,8484_chron
8411,95.56635137236331,8411_chron
7968,95.58770238752284,7968_chron
8629,95.58827556862944,8629_chron
7964,95.60165626546166,7964_chron
6322,95.60318573863114,6322_chron
8015,95.60921103864976,8015_chron
8853,95.61458389037263,8853_chron
8040,95.61473704417183,8040_chron
7252,95.61606358689617,7252_chron
8790,95.62056627199462,8790_chron
8975,95.65339533229522,8975_chron
8740,95.6594131900558,8740_chron2
8399,95.66452520510744,8399_chron2
9030,95.67255431344296,9030_acute
8702,95.68027536382127,8702_chron2
8042,95.68314948662668,8042_chron
7130,95.68431521924622,7130_chron
8795,95.68603373901422,8795_chron
6370,95.6867858688361,6370_chron
7555,95.69907665850504,7555_chron
8913,95.71210187355963,8913_chron
8422,95.71773433226315,8422_chron
8687,95.73041328616895,8687_chron
8351,95.73491873757158,8351_chron
8450,95.73925762375019,8450_chron
8509,95.73996275108695,8509_chron
7629,95.76491709977331,7629_chron
4779,95.76758071894132,4779_chron
8559,95.76887260142618,8559_chron
5938,95.77116523545654,5938_chron
8663,95.77872330698617,8663_chron
7409,95.7809518413122,7409_chron
7571,95.78398398302613,7571_chron
8905,95.78510010750182,8905_chron
8836,95.8234138026926,8836_chron
8920,95.83675652242256,8920_chron
8788,95.83850099353084,8788_chron2
5381,95.84384096944952,5381_chron
8565,95.84542091863962,8565_chron
5841,95.86064021558471,5841_chron
9036,95.8721144801775,9036_chron2
8447,95.87241212623375,8447_chron
8043,95.87548004575505,8043_chron
8944,95.88502775540248,8944_chron
7785,95.8860170018348,7785_chron
8955,95.90753020964647,8955_chron2
4717,95.90991597280264,4717_chron
8605,95.93117401943637,8605_chron2
8234,95.94312604625318,8234_chron
8651,95.94426176317587,8651_chron
8934,95.95106652371246,8934_chron
3292,95.96056368765706,3292_chron
7360,95.96901356670566,7360_chron
5816,95.97047461436298,5816_chron
8429,95.98018455845738,8429_chron
8146,95.99155173563588,8146_chron
8503,95.99826130554733,8503_chron
8352,96.04258940612534,8352_chron
8656,96.0467215977819,8656_chron
7649,96.05424711786677,7649_chron
8997,96.05591810326274,8997_chron
7502,96.05636129768574,7502_chron
8306,96.0573406984231,8306_chron
8713,96.07167735299706,8713_chron
7139,96.07235896525773,7139_chron
7917,96.08255684037755,7917_chron
8801,96.08708688049337,8801_chron
8968,96.09924679046239,8968_chron
8946,96.10535194237808,8946_chron
8420,96.10703454769427,8420_chron
8025,96.13804785513196,8025_chron
7082,96.1406721796798,7082_chron
7924,96.16321519922815,7924_chron
8309,96.16974035070248,8309_chron
9065,96.17736517756548,9065_chron
8181,96.17827531001831,8181_chron
8843,96.18241398799495,8843_chron
8963,96.18621397926141,8963_chron
8832,96.18991119108091,8832_chron
9039,96.25128430895671,9039_chron
8363,96.25788074712585,8363_chron
8562,96.27017119775013,8562_chron
7332,96.27081180290602,7332_chron
7621,96.27490932556366,7621_chron
8949,96.2811528963274,8949_chron2
7865,96.2833784279559,7865_chron
9016,96.28629660397861,9016_chron
8848,96.30507759518011,8848_chron
8613,96.30616849588426,8613_chron
8876,96.31525792148717,8876_chron
7461,96.31779457057738,7461_chron
8760,96.33867398763512,8760_chron
7753,96.34724128764111,7753_chron
7108,96.35147986903918,7108_chron
8145,96.3603114441372,8145_chron
8948,96.36950025924892,8948_chron
8197,96.37361211743729,8197_chron
8332,96.38967351651128,8332_chron
7965,96.42398399310783,7965_chron
8785,96.4294816136519,8785_chron
7731,96.43847220609594,7731_chron
9041,96.4397841272606,9041_chron
8289,96.44119811029896,8289_chron
8647,96.44520484880657,8647_chron
8564,96.46261193202871,8564_chron
8984,96.49087908170266,8984_chron
5934,96.49343017348252,5934_chron
7375,96.49355026696684,7375_chron
7991,96.51760764212003,7991_chron
8906,96.51946435522359,8906_chron
6701,96.53381456555445,6701_chron
8903,96.55410970487998,8903_chron
9042,96.55761682962674,9042_chron
8508,96.56547083822637,8508_chron
8990,96.57315982447888,8990_chron
8904,96.57370574119994,8904_chron
5340,96.57502989756972,5340_chron
8995,96.58353265851217,8995_chron
5525,96.59800404297344,5525_chron
7046,96.6030178926812,7046_chron
7678,96.60780710455778,7678_chron
8368,96.6133445266687,8368_chron
8956,96.62549335959879,8956_chron
7790,96.6316225599739,7790_chron
6852,96.63621340240273,6852_chron
7588,96.643660999387,7588_chron
6892,96.64529216410922,6892_chron
8931,96.66275563630468,8931_chron
8891,96.67508514368181,8891_chron2
7101,96.679341380771,7101_chron
8048,96.68379464407059,8048_chron
8703,96.69001437641373,8703_chron
9097,96.69669899571385,9097_chron
7592,96.72391360300182,7592_chron
9019,96.72573418012117,9019_chron2
9127,96.72744078103074,9127_acute
7948,96.72883747957411,7948_chron2
8168,96.74021794766551,8168_chron
7999,96.74568020761608,7999_chron2
7448,96.7470710607955,7448_chron
8548,96.75759687452899,8548_chron
6796,96.75838824210038,6796_chron
8591,96.76603146937686,8591_chron
7684,96.78730999145603,7684_chron
5321,96.78763923486942,5321_chron
8880,96.79089412842775,8880_chron
8355,96.7984284479635,8355_chron
7377,96.80463859337029,7377_chron
8255,96.81112289919038,8255_chron
8868,96.81943816003695,8868_chron
4153,96.8397148617131,4153_chron
9068,96.84550756900913,9068_chron
9078,96.85640580370145,9078_chron
8923,96.86239108953873,8923_chron
4882,96.8682125081225,4882_chron
8890,96.88884354120675,8890_chron
6170,96.8910278973507,6170_chron
8929,96.90696868934982,8929_chron
8256,96.90855135103543,8256_chron
8418,96.91329943295153,8418_chron
8685,96.91479234176029,8685_chron
7672,96.92062058760759,7672_chron
8550,96.9458021567023,8550_chron
8598,96.94587866062001,8598_chron
8384,96.94990517479883,8384_chron
8513,96.98128810958296,8513_chron
8881,97.00362884787239,8881_chron2
8203,97.02007999267902,8203_chron
8960,97.02469744994784,8960_chron2
8768,97.02788567329794,8768_chron2
8786,97.05049721890978,8786_chron
8835,97.05367964794446,8835_chron
8367,97.07465749603534,8367_chron
8850,97.09026766478866,8850_chron2
7186,97.09461097733406,7186_chron
7623,97.1028506378249,7623_chron
8706,97.10681771120471,8706_chron
7601,97.11270165048475,7601_chron
7451,97.11762824147226,7451_chron
7511,97.12193229822802,7511_chron
8924,97.14183605792093,8924_chron2
8452,97.16609029019551,8452_chron
8879,97.16929758523025,8879_chron
9028,97.19319363254965,9028_chron
7735,97.21999161250969,7735_chron
8374,97.23446401124346,8374_chron
8692,97.23805882321523,8692_chron
9083,97.31831919646619,9083_chron
8930,97.33004098491617,8930_chron
8270,97.33020167629132,8270_chron
8677,97.3318371704497,8677_chron2
8754,97.33188495152034,8754_chron
7800,97.33744880817527,7800_chron
8258,97.34081910371494,8258_chron
8117,97.37318969464981,8117_chron
8720,97.37595696370116,8720_chron
8403,97.38294927365317,8403_chron
8456,97.38532476038802,8456_chron
8177,97.39896377063388,8177_chron
7456,97.40119027839467,7456_chron
8069,97.40377560087745,8069_chron
8517,97.4063171827289,8517_chron
8541,97.4217416119959,8541_chron
8300,97.43187977007368,8300_chron
8506,97.44912720544944,8506_chron
8742,97.47720347535312,8742_chron
8809,97.4813889341069,8809_chron
8161,97.48883612256154,8161_chron
8451,97.49230208193659,8451_chron
7450,97.4935298354517,7450_chron
8683,97.49458477284941,8683_chron
8925,97.50293959503843,8925_chron2
9057,97.52462928564574,9057_chron2
8910,97.53770571605871,8910_chron
6806,97.53973350104208,6806_chron
8994,97.54006536049776,8994_chron
7285,97.56357055349237,7285_chron
9117,97.58125446407051,9117_acute
4136,97.59164005694842,4136_chron
8530,97.5924654221931,8530_chron
8888,97.59305776507756,8888_chron2
8746,97.59494134895789,8746_chron
8983,97.61949715481386,8983_chron
8804,97.6303547061615,8804_chron
8528,97.6385426592639,8528_chron
8266,97.64520723388836,8266_chron
7530,97.66803746877568,7530_chron
9183,97.67805861593958,9183_acute
8383,97.70898092962274,8383_chron
8630,97.7118664302398,8630_chron
8425,97.71315549426201,8425_chron
8623,97.71457729794906,8623_chron
8063,97.7275805796992,8063_chron
9084,97.73207813654639,9084_chron2
8911,97.74032521517674,8911_chron
8237,97.75611693262486,8237_chron
8011,97.7656333440623,8011_chron
7605,97.76809488239637,7605_chron
8214,97.78064218955745,8214_chron
8789,97.79467423067024,8789_chron
7863,97.80088105027957,7863_chron
8979,97.8013598115402,8979_chron
8730,97.81194152508245,8730_chron
7170,97.81744108203709,7170_chron
7658,97.83414154576755,7658_chron
9144,97.83482374723313,9144_chron2
9134,97.84305285859129,9134_chron
8878,97.85397831037388,8878_chron
9070,97.85813943877443,9070_chron
9060,97.86235478278884,9060_chron
7730,97.8713806062255,7730_chron
7804,97.8854808936069,7804_chron
7529,97.90152620247785,7529_chron
7985,97.90855552309831,7985_chron
8982,97.91200365924571,8982_chron2
8191,97.92054853224452,8191_chron
8372,97.92191391175251,8372_chron
8519,97.92940591854891,8519_chron
8672,97.93192028555073,8672_chron
8055,97.94567944608784,8055_chron
9012,97.95903977306735,9012_chron
7536,97.97328368626783,7536_chron
9257,97.97342035032167,9257_chron
7646,97.97934830836785,7646_chron
7076,97.98063844939672,7076_chron
8523,97.98783228980429,8523_chron2
9003,97.98890875380759,9003_chron
7711,97.99028832590699,7711_chron
8977,98.0036798699204,8977_chron
7767,98.00658263683101,7767_chron
9089,98.02574710232163,9089_chron2
8761,98.02907421394973,8761_chron
7006,98.03101284716196,7006_chron
9191,98.03882537172794,9191_acute2
8298,98.05687674571045,8298_chron
8247,98.06036189123185,8247_chron
8954,98.08729019549656,8954_chron
8771,98.088522841665,8771_chron
8989,98.10793163687869,8989_chron
7118,98.11052766159874,7118_chron
8838,98.11355209559724,8838_chron
9021,98.12717575602598,9021_chron
9165,98.12875032134426,9165_chron
8244,98.14171198999901,8244_chron
7961,98.14840590202417,7961_chron
6453,98.16250029798992,6453_chron
8938,98.17980700315184,8938_chron2
8493,98.18146565048546,8493_chron
9158,98.18154987281738,9158_chron
8653,98.18236397936957,8653_chron
8822,98.18551537341993,8822_chron
8640,98.19657219037661,8640_chron
7988,98.198101923851,7988_chron
9072,98.2076331140319,9072_chron
8958,98.22059025123338,8958_chron
8921,98.27652000096921,8921_chron
8862,98.30784569667631,8862_chron
7775,98.30886012982367,7775_chron
8249,98.31553915110726,8249_chron
8897,98.31577697809539,8897_chron
6855,98.31879630398967,6855_chron
7927,98.31972505021508,7927_chron
7541,98.32156762032572,7541_chron
7875,98.32457202636503,7875_chron
7858,98.33147050860806,7858_chron
8962,98.33557932196642,8962_chron
8454,98.33831346781415,8454_chron
6051,98.34931952988661,6051_chron
7400,98.37448975982286,7400_chron
8664,98.38982244921405,8664_chron
7929,98.40659172128474,7929_chron
5778,98.41808738187177,5778_chron
7516,98.42438089996821,7516_chron
9147,98.43322129255283,9147_chron
9104,98.4479886010379,9104_chron2
8806,98.46305713823435,8806_chron
8476,98.46354670122139,8476_chron
9006,98.48520226740955,9006_chron
9059,98.48863876340513,9059_acute
8218,98.49095815457108,8218_chron
6673,98.50442923689882,6673_chron
8461,98.50519755288006,8461_chron
9205,98.50595905927737,9205_chron
8766,98.50646767083099,8766_chron
9002,98.53214039587452,9002_chron
9107,98.5384177129794,9107_chron
7057,98.54407562308575,7057_chron
8432,98.59050252634246,8432_chron
8662,98.59192444148813,8662_chron
6374,98.59410363231498,6374_chron
8633,98.5947422033387,8633_chron
9265,98.60111760406062,9265_chron2
8674,98.60699998171329,8674_chron
8620,98.61280028898241,8620_chron
8812,98.6135786217857,8812_chron
8491,98.6157234219259,8491_chron
9142,98.62385238060736,9142_chron
8073,98.62587544047226,8073_chron
8125,98.62887823709711,8125_chron
8480,98.63360561284497,8480_chron
9161,98.65090365920358,9161_chron
9013,98.67246497793893,9013_chron
8943,98.702778520585,8943_chron
8459,98.70438918684982,8459_chron
9094,98.71887174921082,9094_chron
9186,98.72003450621276,9186_chron
8991,98.75192413820454,8991_chron
8657,98.75644051417979,8657_chron
7855,98.75856736853223,7855_chron
8515,98.7763462568449,8515_chron
9092,98.779773965191,9092_chron
8695,98.78566777329054,8695_chron
7187,98.78946036571841,7187_chron
8739,98.79415892595158,8739_chron
9154,98.79939003783049,9154_chron2
8947,98.81255086390951,8947_chron2
7848,98.83522876041175,7848_chron
9297,98.84628088574715,9297_chron
8686,98.86167872476021,8686_chron
9062,98.86456941527894,9062_chron
9218,98.86857440631002,9218_chron
6221,98.8772820222566,6221_chron
9350,98.89744902439433,9350_acute
8819,98.9096005646091,8819_chron
7391,98.9302463162755,7391_chron2
8531,98.93850929788896,8531_chron
9182,98.94284352970696,9182_chron
9123,98.95023898213928,9123_chron
8705,98.9503482115285,8705_chron
9253,98.95345302764414,9253_chron
8424,98.95348363047286,8424_chron
9272,98.95619769687642,9272_chron2
9233,98.96340459072057,9233_chron
9237,98.96853504802239,9237_chron2
8941,98.97033086661796,8941_chron
7751,98.97228417778625,7751_chron
8867,98.9893485270525,8867_chron
8665,99.04119436539195,8665_chron
9155,99.06838405784119,9155_chron
9303,99.07020495256586,9303_chron
9075,99.08215932295559,9075_chron
9168,99.08614308018589,9168_chron
7645,99.08891556140509,7645_chron
9044,99.11355739445793,9044_chron2
2732,99.11556566228147,2732_chron
8627,99.12016562121224,8627_chron
8611,99.1528896923853,8611_chron
9151,99.15462596741881,9151_chron
9273,99.17068045186232,9273_chron2
6808,99.19950731690729,6808_chron
7383,99.20372625898449,7383_chron
8758,99.2585344497366,8758_chron2
8939,99.27652842867379,8939_chron
4180,99.28790494238373,4180_chron
8917,99.29614294751471,8917_chron
8676,99.31080100167496,8676_chron
9375,99.31968709373898,9375_acute2
9311,99.33303618458493,9311_chron
8847,99.33781273646824,8847_chron
9073,99.36613171945277,9073_chron
7439,99.386388364839,7439_chron
7475,99.41688762309435,7475_chron
8614,99.42504416702388,8614_chron
9291,99.45302929616842,9291_chron2
8767,99.47289933541721,8767_chron
8520,99.48145937829536,8520_chron
8907,99.48296795191027,8907_chron
8764,99.4887923210344,8764_chron
8488,99.50418696464872,8488_chron
8386,99.513200484923,8386_chron
9338,99.52271687867358,9338_chron
8070,99.55276324839805,8070_chron
8226,99.56315508096324,8226_chron
7152,99.57353270960115,7152_chron
6943,99.5767692343438,6943_chron
9249,99.58046095258909,9249_chron2
8824,99.59566005944467,8824_chron
8846,99.60889886434838,8846_chron
9268,99.61125080433503,9268_chron2
9121,99.61663901983586,9121_chron2
8976,99.6891792830608,8976_chron
9077,99.69086891968149,9077_chron2
8889,99.70077353494797,8889_chron
9105,99.73401369776717,9105_chron
9334,99.73917377117344,9334_chron
8971,99.74208959389775,8971_chron2
9229,99.74728301760248,9229_chron
9324,99.75968686265166,9324_chron
9055,99.77100805116976,9055_chron2
5426,99.77959619043263,5426_chron
8470,99.78222301606952,8470_chron
9095,99.79477288691342,9095_chron
9108,99.79561845049868,9108_chron
8697,99.80063602434997,8697_chron
9099,99.8201725121253,9099_chron
9328,99.8396048942207,9328_chron
8569,99.85176506712921,8569_chron
7417,99.85417549254404,7417_chron
8560,99.87998682195384,8560_chron
8227,99.88047231344899,8227_chron
9336,99.88549956933437,9336_chron
7870,99.88594554131161,7870_chron
8747,99.91003849462615,8747_chron
9388,99.91140835139417,9388_chron
8296,99.91151897629643,8296_chron
6570,99.93659944234439,6570_chron
9274,99.94026968288972,9274_chron
9262,99.94139566189303,9262_chron
9153,99.94328928863166,9153_chron2
8609,99.9484013562399,8609_chron
9211,99.95829131328885,9211_chron
8554,99.97265094345452,8554_chron
8139,99.97850201667184,8139_chron
9101,99.97892111232652,9101_chron
8775,99.98880457120002,8775_chron
6624,100.01444992608597,6624_chron
8224,100.01790719078193,8224_chron
9396,100.02588688884798,9396_acute
8437,100.0396534822382,8437_chron
7941,100.04178122269103,7941_chron
7570,100.04646742431466,7570_chron
8735,100.05264803072376,8735_chron
8330,100.0529625895201,8330_chron
8348,100.08146523562142,8348_chron
5066,100.1046091647718,5066_chron
8441,100.10773079415243,8441_chron
8856,100.10814559302706,8856_chron
8875,100.11632315800601,8875_chron
8439,100.12977887124568,8439_chron
9090,100.12999742099842,9090_chron
9162,100.13389935769668,9162_chron
7801,100.13631868704539,7801_chron
8652,100.15020934885415,8652_chron
6737,100.15099241152866,6737_chron
8933,100.18296645934802,8933_chron
8950,100.23391418227966,8950_chron
8734,100.24532255261822,8734_chron
8628,100.24565838858341,8628_chron
9035,100.2760305902411,9035_chron
9357,100.28058259060862,9357_chron
9172,100.29459349472738,9172_chron
9177,100.33083773079399,9177_chron2
9247,100.34744510700116,9247_chron
9007,100.34758717520829,9007_chron
8442,100.34816112729075,8442_chron
9337,100.3494441646094,9337_chron2
8116,100.3529084896174,8116_chron
8019,100.3728871929871,8019_chron
8679,100.38055842139796,8679_chron
9040,100.38150439627749,9040_chron
9489,100.3823413650092,9489_chron2
7931,100.39367366150098,7931_chron
8200,100.40686731916313,8200_chron
9278,100.42245319922195,9278_chron
7654,100.42765980168642,7654_chron
8737,100.42860392549382,8737_chron2
9126,100.43046055869532,9126_chron
8338,100.44155694761923,8338_chron
9212,100.4436975298557,9212_chron2
8561,100.46882265838495,8561_chron
9198,100.470872859144,9198_chron2
8967,100.47186883554295,8967_chron
7707,100.48393498794623,7707_chron
7184,100.48498002422005,7184_chron
4131,100.49735985790707,4131_chron
9017,100.49811070259477,9017_chron
8670,100.51121114043872,8670_chron
8845,100.51363139107161,8845_chron
8774,100.51853203025657,8774_chron
8313,100.53708876857837,8313_chron
8988,100.53975126564563,8988_chron
8928,100.5610210270124,8928_chron
8833,100.5728865160365,8833_chron
7366,100.57390484880592,7366_chron
8202,100.59395066259721,8202_chron
8901,100.59539246573738,8901_chron
9298,100.59990859972103,9298_chron
8250,100.60007878885104,8250_chron
9064,100.61681699624846,9064_chron
7337,100.61740835117516,7337_chron
9179,100.63958537172944,9179_chron2
9245,100.65942413488133,9245_chron
8583,100.66384817915525,8583_chron
9087,100.6665853863611,9087_chron
9496,100.6681921151789,9496_chron
9399,100.67661354510587,9399_chron
7939,100.6932090697068,7939_chron
9061,100.69413270104596,9061_chron
9277,100.72096953365596,9277_chron
7168,100.72804678611143,7168_chron
7236,100.74440917199367,7236_chron
9025,100.75283453902676,9025_chron
9047,100.75344328528865,9047_chron
9461,100.76291858507788,9461_chron2
8586,100.77490010761764,8586_chron
8860,100.78203468337725,8860_chron
9332,100.80667859566728,9332_chron
8463,100.80702870729537,8463_chron
9184,100.81858582757845,9184_chron
9557,100.82898032869457,9557_acute
9474,100.82943069791328,9474_chron
9224,100.83085790239528,9224_chron2
9281,100.85667525184243,9281_chron
7998,100.85778883863588,7998_chron
9124,100.86359009048225,9124_chron
9371,100.87052466083716,9371_chron
9365,100.878732744218,9365_chron2
9189,100.88972178158826,9189_chron
8323,100.89039836648651,8323_chron2
9015,100.891715879883,9015_chron2
8870,100.90413043214579,8870_chron
9120,100.9210226987289,9120_chron
8772,100.92136191637954,8772_chron
9316,100.92190941734027,9316_chron
9481,100.93082422637421,9481_chron
8002,100.95115160252395,8002_chron
9022,100.98386244054875,9022_chron
8998,101.0,8998_acute
9232,101.0,9232_acute
9244,101.0,9244_acute
9289,101.0,9289_acute
9293,101.0,9293_acute
9294,101.0,9294_acute
9323,101.0,9323_acute
9362,101.0,9362_acute
9361,101.0,9361_acute
9384,101.0,9384_acute
9400,101.0,9400_acute
9406,101.0,9406_acute
9412,101.0,9412_acute
9421,101.0,9421_acute
9425,101.0,9425_acute
9430,101.0,9430_acute
9432,101.0,9432_acute
9444,101.0,9444_acute
9445,101.0,9445_acute
9339,101.0,9339_acute
9446,101.0,9446_acute
9437,101.0,9437_acute
9455,101.0,9455_acute
9469,101.0,9469_acute
9477,101.0,9477_acute
9491,101.0,9491_acute
9492,101.0,9492_acute
9493,101.0,9493_acute
9494,101.0,9494_acute
9497,101.0,9497_acute
9502,101.0,9502_acute
9503,101.0,9503_acute
9511,101.0,9511_acute
9516,101.0,9516_acute
9495,101.0,9495_acute
9506,101.0,9506_acute
9519,101.0,9519_acute
9522,101.0,9522_acute
9146,101.0,9146_acute
9530,101.0,9530_acute
9531,101.0,9531_acute
9533,101.0,9533_acute
9534,101.0,9534_acute
9538,101.0,9538_acute
9539,101.0,9539_acute
9547,101.0,9547_acute
9549,101.0,9549_acute
9550,101.0,9550_acute
9555,101.0,9555_acute
9556,101.0,9556_acute
9563,101.0,9563_acute
9567,101.0,9567_acute
9570,101.0,9570_acute
9574,101.0,9574_acute
9575,101.0,9575_acute
9576,101.0,9576_acute
9578,101.0,9578_acute
9580,101.0,9580_acute
9581,101.0,9581_acute
9583,101.0,9583_acute
9585,101.0,9585_acute
9565,101.0,9565_acute
9586,101.0,9586_acute
9588,101.0,9588_acute
9589,101.0,9589_acute
9591,101.0,9591_acute
9592,101.0,9592_acute
9595,101.0,9595_acute
9597,101.0,9597_acute
9598,101.0,9598_acute
701,101.0,701_chron
1958,101.0,1958_chron
2529,101.0,2529_chron
2708,101.0,2708_chron
1952,101.0,1952_chron
3654,101.0,3654_chron
4031,101.0,4031_chron
3749,101.0,3749_chron
4279,101.0,4279_chron
4283,101.0,4283_chron
4507,101.0,4507_chron
4685,101.0,4685_chron
4819,101.0,4819_chron
5204,101.0,5204_chron
4304,101.0,4304_chron
5607,101.0,5607_chron
5130,101.0,5130_chron
5631,101.0,5631_chron
5685,101.0,5685_chron
5699,101.0,5699_chron
5947,101.0,5947_chron
4656,101.0,4656_chron
6398,101.0,6398_chron
6422,101.0,6422_chron
6483,101.0,6483_chron
6621,101.0,6621_chron
5614,101.0,5614_chron
6776,101.0,6776_chron
6314,101.0,6314_chron
6154,101.0,6154_chron
6870,101.0,6870_chron
6953,101.0,6953_chron
6920,101.0,6920_chron
6210,101.0,6210_chron
6886,101.0,6886_chron
7038,101.0,7038_chron
7074,101.0,7074_chron
6691,101.0,6691_chron
7075,101.0,7075_chron
6960,101.0,6960_chron
6605,101.0,6605_chron
7096,101.0,7096_chron
7037,101.0,7037_chron
7155,101.0,7155_chron
7191,101.0,7191_chron
7235,101.0,7235_chron
7182,101.0,7182_chron
6950,101.0,6950_chron
7213,101.0,7213_chron
6968,101.0,6968_chron
7124,101.0,7124_chron
7244,101.0,7244_chron
7373,101.0,7373_chron
6969,101.0,6969_chron
7435,101.0,7435_chron
7142,101.0,7142_chron
7309,101.0,7309_chron
7010,101.0,7010_chron
7034,101.0,7034_chron
7113,101.0,7113_chron
7324,101.0,7324_chron
7513,101.0,7513_chron
7509,101.0,7509_chron
7225,101.0,7225_chron
7526,101.0,7526_chron
4848,101.0,4848_chron
7166,101.0,7166_chron
7426,101.0,7426_chron
7624,101.0,7624_chron
7556,101.0,7556_chron
7586,101.0,7586_chron
7531,101.0,7531_chron
7553,101.0,7553_chron
7282,101.0,7282_chron
6069,101.0,6069_chron
7335,101.0,7335_chron
7695,101.0,7695_chron
7573,101.0,7573_chron
7727,101.0,7727_chron
7525,101.0,7525_chron
7469,101.0,7469_chron
7446,101.0,7446_chron
7580,101.0,7580_chron
7756,101.0,7756_chron
7234,101.0,7234_chron
7433,101.0,7433_chron
7612,101.0,7612_chron
7739,101.0,7739_chron
7478,101.0,7478_chron
7828,101.0,7828_chron
7779,101.0,7779_chron
7725,101.0,7725_chron
7518,101.0,7518_chron
7746,101.0,7746_chron
7769,101.0,7769_chron
7891,101.0,7891_chron
7445,101.0,7445_chron
7854,101.0,7854_chron
7888,101.0,7888_chron
7810,101.0,7810_chron
7947,101.0,7947_chron
7915,101.0,7915_chron
7962,101.0,7962_chron
7963,101.0,7963_chron
7923,101.0,7923_chron
7683,101.0,7683_chron
7830,101.0,7830_chron
7761,101.0,7761_chron
7972,101.0,7972_chron
7982,101.0,7982_chron
7957,101.0,7957_chron
7938,101.0,7938_chron
7904,101.0,7904_chron
8090,101.0,8090_chron
8038,101.0,8038_chron
8128,101.0,8128_chron
8107,101.0,8107_chron
8150,101.0,8150_chron
8141,101.0,8141_chron
7864,101.0,7864_chron
8142,101.0,8142_chron
8123,101.0,8123_chron
8165,101.0,8165_chron
8129,101.0,8129_chron
8160,101.0,8160_chron
8158,101.0,8158_chron
8089,101.0,8089_chron
7665,101.0,7665_chron
8154,101.0,8154_chron
7421,101.0,7421_chron
8102,101.0,8102_chron
8054,101.0,8054_chron
7970,101.0,7970_chron
8120,101.0,8120_chron
8201,101.0,8201_chron
7879,101.0,7879_chron
8077,101.0,8077_chron
8057,101.0,8057_chron
7994,101.0,7994_chron
8245,101.0,8245_chron
8213,101.0,8213_chron
7823,101.0,7823_chron
8263,101.0,8263_chron
8228,101.0,8228_chron
7724,101.0,7724_chron
8283,101.0,8283_chron
8216,101.0,8216_chron
8087,101.0,8087_chron
8034,101.0,8034_chron
8318,101.0,8318_chron
7452,101.0,7452_chron
8236,101.0,8236_chron
8295,101.0,8295_chron
7930,101.0,7930_chron
8186,101.0,8186_chron
8285,101.0,8285_chron
8316,101.0,8316_chron
8095,101.0,8095_chron
8248,101.0,8248_chron
8364,101.0,8364_chron
8305,101.0,8305_chron
8103,101.0,8103_chron
8307,101.0,8307_chron
8314,101.0,8314_chron
8382,101.0,8382_chron
8414,101.0,8414_chron
8394,101.0,8394_chron
8395,101.0,8395_chron
8393,101.0,8393_chron
8443,101.0,8443_chron
8466,101.0,8466_chron
8291,101.0,8291_chron
8400,101.0,8400_chron
8487,101.0,8487_chron
8431,101.0,8431_chron
8288,101.0,8288_chron
8467,101.0,8467_chron
8334,101.0,8334_chron
8485,101.0,8485_chron
8495,101.0,8495_chron
8500,101.0,8500_chron
8423,101.0,8423_chron
8551,101.0,8551_chron
8438,101.0,8438_chron
8119,101.0,8119_chron
8524,101.0,8524_chron
8027,101.0,8027_chron
8284,101.0,8284_chron
8572,101.0,8572_chron
8409,101.0,8409_chron
8479,101.0,8479_chron
8540,101.0,8540_chron
8536,101.0,8536_chron
8576,101.0,8576_chron
8585,101.0,8585_chron
6876,101.0,6876_chron
8516,101.0,8516_chron
8543,101.0,8543_chron
8624,101.0,8624_chron
8496,101.0,8496_chron
8413,101.0,8413_chron
8259,101.0,8259_chron
8604,101.0,8604_chron
8612,101.0,8612_chron
8573,101.0,8573_chron
8344,101.0,8344_chron
7758,101.0,7758_chron
8649,101.0,8649_chron
8465,101.0,8465_chron
8469,101.0,8469_chron
8504,101.0,8504_chron
8644,101.0,8644_chron
8362,101.0,8362_chron
8179,101.0,8179_chron
8599,101.0,8599_chron
8579,101.0,8579_chron
8650,101.0,8650_chron
8632,101.0,8632_chron
8570,101.0,8570_chron
8525,101.0,8525_chron
8634,101.0,8634_chron
8603,101.0,8603_chron
8327,101.0,8327_chron
8252,101.0,8252_chron
8608,101.0,8608_chron
8617,101.0,8617_chron
8601,101.0,8601_chron
8680,101.0,8680_chron
8661,101.0,8661_chron
7873,101.0,7873_chron
8625,101.0,8625_chron
8694,101.0,8694_chron
8691,101.0,8691_chron
8710,101.0,8710_chron
8590,101.0,8590_chron
8593,101.0,8593_chron
8637,101.0,8637_chron
8719,101.0,8719_chron
8721,101.0,8721_chron
8619,101.0,8619_chron
8699,101.0,8699_chron
8537,101.0,8537_chron
8736,101.0,8736_chron
8638,101.0,8638_chron
8648,101.0,8648_chron
8659,101.0,8659_chron
8729,101.0,8729_chron
8725,101.0,8725_chron
8791,101.0,8791_chron
8668,101.0,8668_chron
8001,101.0,8001_chron
8762,101.0,8762_chron
8797,101.0,8797_chron
8738,101.0,8738_chron
8616,101.0,8616_chron
8777,101.0,8777_chron
8816,101.0,8816_chron
8366,101.0,8366_chron
8684,101.0,8684_chron
8741,101.0,8741_chron
8802,101.0,8802_chron
8783,101.0,8783_chron
8810,101.0,8810_chron
8811,101.0,8811_chron
8709,101.0,8709_chron
8558,101.0,8558_chron
8693,101.0,8693_chron
8782,101.0,8782_chron
8803,101.0,8803_chron
8837,101.0,8837_chron
8756,101.0,8756_chron
8828,101.0,8828_chron
8635,101.0,8635_chron
8401,101.0,8401_chron
8568,101.0,8568_chron
8781,101.0,8781_chron
8505,101.0,8505_chron
8869,101.0,8869_chron
8882,101.0,8882_chron
8728,101.0,8728_chron
8839,101.0,8839_chron
8895,101.0,8895_chron
8849,101.0,8849_chron
8844,101.0,8844_chron
8842,101.0,8842_chron
8909,101.0,8909_chron
8873,101.0,8873_chron
8821,101.0,8821_chron
8922,101.0,8922_chron
8744,101.0,8744_chron
8727,101.0,8727_chron
8792,101.0,8792_chron
8759,101.0,8759_chron
8780,101.0,8780_chron
8755,101.0,8755_chron
8825,101.0,8825_chron
8863,101.0,8863_chron
8965,101.0,8965_chron
8281,101.0,8281_chron
8936,101.0,8936_chron
8916,101.0,8916_chron
8814,101.0,8814_chron
8855,101.0,8855_chron
8527,101.0,8527_chron
8666,101.0,8666_chron
8899,101.0,8899_chron
8794,101.0,8794_chron
8552,101.0,8552_chron
7673,101.0,7673_chron
8502,101.0,8502_chron
8733,101.0,8733_chron
8866,101.0,8866_chron
8750,101.0,8750_chron
8902,101.0,8902_chron
8596,101.0,8596_chron
8896,101.0,8896_chron
9009,101.0,9009_chron
8563,101.0,8563_chron
8494,101.0,8494_chron
8999,101.0,8999_chron
8818,101.0,8818_chron
9014,101.0,9014_chron
8937,101.0,8937_chron
9005,101.0,9005_chron
8800,101.0,8800_chron
8618,101.0,8618_chron
8830,101.0,8830_chron
8964,101.0,8964_chron
8972,101.0,8972_chron
8915,101.0,8915_chron
8817,101.0,8817_chron
8763,101.0,8763_chron
8827,101.0,8827_chron
8872,101.0,8872_chron
8711,101.0,8711_chron
8951,101.0,8951_chron
8886,101.0,8886_chron
8698,101.0,8698_chron
8969,101.0,8969_chron
8966,101.0,8966_chron
8826,101.0,8826_chron
8974,101.0,8974_chron
9026,101.0,9026_chron
9010,101.0,9010_chron
8458,101.0,8458_chron
8859,101.0,8859_chron
8864,101.0,8864_chron
8908,101.0,8908_chron
8714,101.0,8714_chron
8914,101.0,8914_chron
9023,101.0,9023_chron
9043,101.0,9043_chron
9051,101.0,9051_chron
8919,101.0,8919_chron
9088,101.0,9088_chron
9066,101.0,9066_chron
8404,101.0,8404_chron
8953,101.0,8953_chron
8926,101.0,8926_chron
8973,101.0,8973_chron
9018,101.0,9018_chron
8793,101.0,8793_chron
9001,101.0,9001_chron
9000,101.0,9000_chron
9033,101.0,9033_chron
8980,101.0,8980_chron
9086,101.0,9086_chron
7533,101.0,7533_chron
9081,101.0,9081_chron
9112,101.0,9112_chron
9071,101.0,9071_chron
8784,101.0,8784_chron
8858,101.0,8858_chron
9076,101.0,9076_chron
9115,101.0,9115_chron
8900,101.0,8900_chron
8765,101.0,8765_chron
8996,101.0,8996_chron
9096,101.0,9096_chron
9110,101.0,9110_chron
8993,101.0,8993_chron
9129,101.0,9129_chron
9045,101.0,9045_chron
9091,101.0,9091_chron
9032,101.0,9032_chron
8753,101.0,8753_chron
9079,101.0,9079_chron
8887,101.0,8887_chron
8978,101.0,8978_chron
9046,101.0,9046_chron
9152,101.0,9152_chron
9053,101.0,9053_chron
9082,101.0,9082_chron
9050,101.0,9050_chron
8823,101.0,8823_chron
8927,101.0,8927_chron
9130,101.0,9130_chron
9122,101.0,9122_chron
9164,101.0,9164_chron
9063,101.0,9063_chron
9145,101.0,9145_chron
9140,101.0,9140_chron
9148,101.0,9148_chron
9118,101.0,9118_chron
9166,101.0,9166_chron
8898,101.0,8898_chron
9175,101.0,9175_chron
8047,101.0,8047_chron
8918,101.0,8918_chron
9176,101.0,9176_chron
9195,101.0,9195_chron
8894,101.0,8894_chron
9208,101.0,9208_chron
8871,101.0,8871_chron
8501,101.0,8501_chron
9109,101.0,9109_chron
9217,101.0,9217_chron
9157,101.0,9157_chron
8518,101.0,8518_chron
8883,101.0,8883_chron
9220,101.0,9220_chron
9204,101.0,9204_chron
9201,101.0,9201_chron
9131,101.0,9131_chron
9139,101.0,9139_chron
9004,101.0,9004_chron
8716,101.0,8716_chron
9227,101.0,9227_chron
9181,101.0,9181_chron
8492,101.0,8492_chron
9056,101.0,9056_chron
8602,101.0,8602_chron
9173,101.0,9173_chron
8992,101.0,8992_chron
9074,101.0,9074_chron
9138,101.0,9138_chron
9231,101.0,9231_chron
9085,101.0,9085_chron
9255,101.0,9255_chron
9225,101.0,9225_chron
9219,101.0,9219_chron
8985,101.0,8985_chron
9270,101.0,9270_chron
9024,101.0,9024_chron
9132,101.0,9132_chron
9236,101.0,9236_chron
9200,101.0,9200_chron
9223,101.0,9223_chron
9185,101.0,9185_chron
9100,101.0,9100_chron
9285,101.0,9285_chron
9209,101.0,9209_chron
9111,101.0,9111_chron
9135,101.0,9135_chron
9252,101.0,9252_chron
9280,101.0,9280_chron
8932,101.0,8932_chron
8798,101.0,8798_chron
9133,101.0,9133_chron
9222,101.0,9222_chron
9248,101.0,9248_chron
9141,101.0,9141_chron
8961,101.0,8961_chron
8718,101.0,8718_chron
9196,101.0,9196_chron
9150,101.0,9150_chron
9301,101.0,9301_chron
9034,101.0,9034_chron
9239,101.0,9239_chron
9259,101.0,9259_chron
9256,101.0,9256_chron
9031,101.0,9031_chron
9058,101.0,9058_chron
9302,101.0,9302_chron
9226,101.0,9226_chron
9266,101.0,9266_chron
9296,101.0,9296_chron
9287,101.0,9287_chron
9171,101.0,9171_chron
9067,101.0,9067_chron
9329,101.0,9329_chron
9295,101.0,9295_chron
9221,101.0,9221_chron
9318,101.0,9318_chron
9008,101.0,9008_chron
9242,101.0,9242_chron
9319,101.0,9319_chron
9102,101.0,9102_chron
9322,101.0,9322_chron
9286,101.0,9286_chron
9230,101.0,9230_chron
9327,101.0,9327_chron
9128,101.0,9128_chron
9342,101.0,9342_chron
9310,101.0,9310_chron
9347,101.0,9347_chron
9359,101.0,9359_chron
9011,101.0,9011_chron
9190,101.0,9190_chron
9340,101.0,9340_chron
8877,101.0,8877_chron
9241,101.0,9241_chron
9246,101.0,9246_chron
9320,101.0,9320_chron
9234,101.0,9234_chron
9305,101.0,9305_chron
9360,101.0,9360_chron
9355,101.0,9355_chron
9267,101.0,9267_chron
9203,101.0,9203_chron
9264,101.0,9264_chron
9125,101.0,9125_chron
9048,101.0,9048_chron
9345,101.0,9345_chron
9356,101.0,9356_chron
9353,101.0,9353_chron
9250,101.0,9250_chron
9103,101.0,9103_chron
9379,101.0,9379_chron
9243,101.0,9243_chron
9395,101.0,9395_chron
9376,101.0,9376_chron
9240,101.0,9240_chron
9369,101.0,9369_chron
9199,101.0,9199_chron
9373,101.0,9373_chron
9331,101.0,9331_chron
9372,101.0,9372_chron
9367,101.0,9367_chron
9207,101.0,9207_chron
9276,101.0,9276_chron
9313,101.0,9313_chron
9213,101.0,9213_chron
9404,101.0,9404_chron
8912,101.0,8912_chron
7744,101.0,7744_chron
9149,101.0,9149_chron
9251,101.0,9251_chron
9275,101.0,9275_chron
9402,101.0,9402_chron
9159,101.0,9159_chron
9116,101.0,9116_chron
9414,101.0,9414_chron
9261,101.0,9261_chron
9351,101.0,9351_chron
9377,101.0,9377_chron
8935,101.0,8935_chron
8957,101.0,8957_chron
9374,101.0,9374_chron
9398,101.0,9398_chron
9381,101.0,9381_chron
9335,101.0,9335_chron
9366,101.0,9366_chron
8749,101.0,8749_chron
9263,101.0,9263_chron
9314,101.0,9314_chron
9167,101.0,9167_chron
8631,101.0,8631_chron
8257,101.0,8257_chron
9143,101.0,9143_chron
9451,101.0,9451_chron
9348,101.0,9348_chron
9427,101.0,9427_chron
9326,101.0,9326_chron
8312,101.0,8312_chron
9238,101.0,9238_chron
9169,101.0,9169_chron
9080,101.0,9080_chron
9450,101.0,9450_chron
9352,101.0,9352_chron
9472,101.0,9472_chron
9137,101.0,9137_chron
8597,101.0,8597_chron
9038,101.0,9038_chron
9486,101.0,9486_chron
9423,101.0,9423_chron
9299,101.0,9299_chron
9288,101.0,9288_chron
9465,101.0,9465_chron
9290,101.0,9290_chron
9387,101.0,9387_chron
9401,101.0,9401_chron
9380,101.0,9380_chron
9188,101.0,9188_chron
9456,101.0,9456_chron
9119,101.0,9119_chron
9308,101.0,9308_chron
9453,101.0,9453_chron
9448,101.0,9448_chron
9193,101.0,9193_chron
8553,101.0,8553_chron
9393,101.0,9393_chron
9417,101.0,9417_chron
9464,101.0,9464_chron
9498,101.0,9498_chron
9470,101.0,9470_chron
9292,101.0,9292_chron
9515,101.0,9515_chron
9197,101.0,9197_chron
9468,101.0,9468_chron
9513,101.0,9513_chron
9321,101.0,9321_chron
9416,101.0,9416_chron
9333,101.0,9333_chron
9485,101.0,9485_chron
9521,101.0,9521_chron
9346,101.0,9346_chron
9418,101.0,9418_chron
9269,101.0,9269_chron
9312,101.0,9312_chron
9439,101.0,9439_chron
9528,101.0,9528_chron
9509,101.0,9509_chron
9478,101.0,9478_chron
9543,101.0,9543_chron
9364,101.0,9364_chron
9504,101.0,9504_chron
9341,101.0,9341_chron
9529,101.0,9529_chron
9553,101.0,9553_chron
9434,101.0,9434_chron
9562,101.0,9562_chron
9540,101.0,9540_chron
9424,101.0,9424_chron
9452,101.0,9452_chron
9160,101.0,9160_chron
9462,101.0,9462_chron
9514,101.0,9514_chron
9344,101.0,9344_chron
9501,101.0,9501_chron
9349,101.0,9349_chron
9544,101.0,9544_chron
9561,101.0,9561_chron
9523,101.0,9523_chron
9363,101.0,9363_chron
9487,101.0,9487_chron
9309,101.0,9309_chron
9508,101.0,9508_chron
9520,101.0,9520_chron
9098,101.0,9098_chron
9114,101.0,9114_chron
9505,101.0,9505_chron
9443,101.0,9443_chron
9500,101.0,9500_chron
9582,101.0,9582_chron
9215,101.0,9215_chron
9573,101.0,9573_chron
9426,101.0,9426_chron
9483,101.0,9483_chron
9554,101.0,9554_chron
9435,101.0,9435_chron
9391,101.0,9391_chron
9385,101.0,9385_chron
9429,101.0,9429_chron
9163,101.0,9163_chron
9408,101.0,9408_chron
9454,101.0,9454_chron
9049,101.0,9049_chron
9283,101.0,9283_acute2
9307,101.0,9307_acute2
9354,101.0,9354_acute2
9392,101.0,9392_acute2
9407,101.0,9407_acute2
9409,101.0,9409_acute2
9410,101.0,9410_acute2
9415,101.0,9415_acute2
9428,101.0,9428_acute2
9438,101.0,9438_acute2
9441,101.0,9441_acute2
9449,101.0,9449_acute2
9458,101.0,9458_acute2
9467,101.0,9467_acute2
9471,101.0,9471_acute2
9473,101.0,9473_acute2
9475,101.0,9475_acute2
9479,101.0,9479_acute2
9482,101.0,9482_acute2
9510,101.0,9510_acute2
9517,101.0,9517_acute2
9524,101.0,9524_acute2
9526,101.0,9526_acute2
9532,101.0,9532_acute2
9541,101.0,9541_acute2
9542,101.0,9542_acute2
9545,101.0,9545_acute2
9546,101.0,9546_acute2
9548,101.0,9548_acute2
9552,101.0,9552_acute2
9558,101.0,9558_acute2
9560,101.0,9560_acute2
9564,101.0,9564_acute2
9569,101.0,9569_acute2
9571,101.0,9571_acute2
9572,101.0,9572_acute2
9577,101.0,9577_acute2
9579,101.0,9579_acute2
9584,101.0,9584_acute2
9587,101.0,9587_acute2
9593,101.0,9593_acute2
9594,101.0,9594_acute2
9596,101.0,9596_acute2
9599,101.0,9599_acute2
7878,101.0,7878_chron2
8302,101.0,8302_chron2
8412,101.0,8412_chron2
8577,101.0,8577_chron2
8532,101.0,8532_chron2
8556,101.0,8556_chron2
8778,101.0,8778_chron2
8606,101.0,8606_chron2
8688,101.0,8688_chron2
8840,101.0,8840_chron2
8852,101.0,8852_chron2
8945,101.0,8945_chron2
8952,101.0,8952_chron2
8874,101.0,8874_chron2
8981,101.0,8981_chron2
8986,101.0,8986_chron2
9027,101.0,9027_chron2
8970,101.0,8970_chron2
9037,101.0,9037_chron2
8892,101.0,8892_chron2
8959,101.0,8959_chron2
9054,101.0,9054_chron2
9069,101.0,9069_chron2
9093,101.0,9093_chron2
9106,101.0,9106_chron2
9113,101.0,9113_chron2
9156,101.0,9156_chron2
9052,101.0,9052_chron2
9170,101.0,9170_chron2
9029,101.0,9029_chron2
9180,101.0,9180_chron2
9136,101.0,9136_chron2
9202,101.0,9202_chron2
9174,101.0,9174_chron2
9206,101.0,9206_chron2
9216,101.0,9216_chron2
9254,101.0,9254_chron2
9178,101.0,9178_chron2
9260,101.0,9260_chron2
9210,101.0,9210_chron2
9192,101.0,9192_chron2
9235,101.0,9235_chron2
9187,101.0,9187_chron2
9279,101.0,9279_chron2
9300,101.0,9300_chron2
9304,101.0,9304_chron2
9214,101.0,9214_chron2
9306,101.0,9306_chron2
9325,101.0,9325_chron2
9282,101.0,9282_chron2
9194,101.0,9194_chron2
9284,101.0,9284_chron2
9315,101.0,9315_chron2
9228,101.0,9228_chron2
9382,101.0,9382_chron2
9271,101.0,9271_chron2
9389,101.0,9389_chron2
9330,101.0,9330_chron2
9370,101.0,9370_chron2
9390,101.0,9390_chron2
9368,101.0,9368_chron2
9358,101.0,9358_chron2
9440,101.0,9440_chron2
9258,101.0,9258_chron2
9436,101.0,9436_chron2
9397,101.0,9397_chron2
9431,101.0,9431_chron2
9020,101.0,9020_chron2
9420,101.0,9420_chron2
9463,101.0,9463_chron2
9466,101.0,9466_chron2
9442,101.0,9442_chron2
9490,101.0,9490_chron2
9413,101.0,9413_chron2
9378,101.0,9378_chron2
9422,101.0,9422_chron2
9343,101.0,9343_chron2
9403,101.0,9403_chron2
9419,101.0,9419_chron2
9488,101.0,9488_chron2
9317,101.0,9317_chron2
9525,101.0,9525_chron2
9447,101.0,9447_chron2
9383,101.0,9383_chron2
9499,101.0,9499_chron2
9460,101.0,9460_chron2
9518,101.0,9518_chron2
9457,101.0,9457_chron2
9512,101.0,9512_chron2
9476,101.0,9476_chron2
9411,101.0,9411_chron2
9551,101.0,9551_chron2
9484,101.0,9484_chron2
9537,101.0,9537_chron2
9433,101.0,9433_chron2
9386,101.0,9386_chron2
9535,101.0,9535_chron2
9394,101.0,9394_chron2
9559,101.0,9559_chron2
9536,101.0,9536_chron2
9527,101.0,9527_chron2
9566,101.0,9566_chron2
9459,101.0,9459_chron2
9507,101.0,9507_chron2
9568,101.0,9568_chron2
9405,101.0,9405_chron2
9480,101.0,9480_chron2
9590,101.0,9590_chron2
