2,4.149388334785509,2_chron
1,8.6853304288763,1_chron
5,9.584645186686913,5_chron
7,12.67531351860939,7_chron
4,12.790051183703172,4_chron
1,14.240653590084866,1_chron2
13,14.492718867769435,13_chron2
12,18.587166591757786,12_chron
11,19.73106503599425,11_chron
15,20.238661460904865,15_chron
19,20.401973474684677,19_chron2
3,20.916755123952093,3_chron
9,20.943113718646547,9_chron
18,21.978581605002447,18_chron
23,22.176418304970518,23_chron2
30,22.691102603072984,30_chron2
6,22.781542785329833,6_chron
16,24.24536797202028,16_chron
21,24.403192096387944,21_chron
27,24.52410091237874,27_chron
39,24.986151703973054,39_chron
28,25.729926590067876,28_chron
33,25.952068159374726,33_chron
43,26.137874432894236,43_chron2
41,26.62184717841268,41_chron
31,27.30609593114466,31_chron2
47,27.517027779621134,47_chron
46,27.910399377661896,46_chron
38,28.361816801273783,38_chron
10,28.487840140192134,10_chron
44,28.71844894148613,44_chron
8,28.770365516786992,8_chron
42,28.8064092055513,42_chron
35,28.905506791448044,35_chron2
14,29.226777013334306,14_chron
58,29.405134215681468,58_chron
25,29.601072975218898,25_chron
68,29.954370347131736,68_chron2
36,29.96434611090137,36_chron
37,30.02919018719251,37_chron
34,30.252710996830096,34_chron
22,30.65526576595125,22_chron
50,30.664325190201126,50_chron
78,30.75183431940199,78_chron2
62,30.794119070152544,62_chron
20,30.88895639517838,20_chron
57,31.314378099626367,57_chron
54,31.55510934902621,54_chron
48,31.67640058637432,48_chron2
74,32.02284124546885,74_chron
79,32.08565229969245,79_chron2
60,32.14042597890275,60_chron
45,32.21118407962979,45_chron
49,32.41111822857511,49_chron
67,32.42090290308409,67_chron2
75,33.10355086478548,75_chron
56,33.20751547227237,56_chron2
53,33.231374924350234,53_chron
51,33.50977389730693,51_chron
82,33.60931326395546,82_chron2
80,33.857837426731535,80_chron2
105,34.12140042759211,105_chron2
109,34.270885399308455,109_acute
119,34.45115856508031,119_acute
55,34.45366758299919,55_chron2
106,34.95308241431817,106_chron2
91,34.95610915306531,91_chron
88,35.02927638270639,88_chron
76,35.15875488824956,76_chron2
63,35.175699778863084,63_chron
71,35.231135003780025,71_chron2
70,35.32813420932939,70_chron2
123,35.35798364840944,123_chron2
98,35.50248393124148,98_chron2
94,35.515940314398804,94_chron
83,35.54912557357634,83_chron2
69,35.67543619124611,69_chron
131,35.833777681610606,131_chron
99,36.039423926459314,99_chron
147,36.37936541677672,147_chron2
117,36.66850574514505,117_chron2
136,36.77946751252746,136_chron
166,36.93746546503933,166_chron2
151,36.98472269577202,151_chron
86,37.11802812070772,86_chron
89,37.218449241065,89_chron
108,37.223183395025686,108_chron
145,37.34959864053401,145_chron
125,37.47332916668226,125_chron2
160,37.5597811583956,160_acute2
107,37.72130104424018,107_chron
97,37.76151913033158,97_chron
137,37.81329728986143,137_chron2
118,37.82565723451278,118_acute
167,38.095883371158344,167_chron2
66,38.17262651821135,66_chron
104,38.223754692087276,104_chron
159,38.27898812986832,159_chron2
158,38.3355717949596,158_chron
152,38.38397731026371,152_chron
64,38.44248478568024,64_chron
135,38.467113340897974,135_chron
154,38.58680447253921,154_chron
141,38.6514630074772,141_chron
198,38.66015507180686,198_chron
142,38.797000652740245,142_chron
163,38.850277192019675,163_chron
112,38.88796801034067,112_chron
197,38.92402244880881,197_chron
203,39.00989375261048,203_chron2
17,39.02370443002713,17_chron
92,39.14885920042422,92_chron
188,39.17875915792795,188_chron2
132,39.202286589657035,132_chron2
173,39.220030819332756,173_chron
179,39.2595014511798,179_chron
153,39.289715819112175,153_chron
128,39.42872862567442,128_chron
146,39.476662092964744,146_chron2
172,39.48540247147977,172_chron2
150,39.51656223790766,150_chron2
32,39.54550483675091,32_chron
59,39.69266839914564,59_chron
130,39.72069795449236,130_chron2
115,39.83613143377213,115_chron2
206,39.83621530607878,206_chron2
162,39.869228788486744,162_chron
149,39.945782947215136,149_chron
148,39.97308016482139,148_chron
175,40.02996526923328,175_chron2
140,40.07200268371236,140_chron2
61,40.073934994341755,61_chron
178,40.260776018255704,178_chron
138,40.32458924833522,138_chron2
194,40.37921472937352,194_chron
228,40.439972763633335,228_acute2
225,40.51885709799269,225_chron2
217,40.768129330826646,217_chron2
174,40.84718693884511,174_chron2
87,40.855190333779454,87_chron
204,40.894676118003765,204_chron
40,41.03393911004296,40_chron
139,41.044876633737175,139_chron2
286,41.055288735318875,286_acute
171,41.07444937088693,171_chron
209,41.12127207976771,209_chron
156,41.21897915952211,156_chron2
184,41.232580755821786,184_chron
263,41.26221682420492,263_chron
103,41.2968056760572,103_chron
222,41.44934531474148,222_chron2
243,41.52506901811612,243_chron2
190,41.54053899633069,190_chron
127,41.59397516680347,127_chron
101,41.6493294029778,101_chron
129,41.6535745638421,129_chron
122,41.991712277559934,122_chron
307,42.102695612306725,307_chron2
219,42.112403474815096,219_chron2
315,42.209483511682436,315_acute
296,42.256020932444684,296_chron
233,42.32075288060301,233_chron
320,42.321070736150354,320_chron2
181,42.36915170306848,181_chron
207,42.39671860301331,207_chron
303,42.4017697269506,303_chron2
85,42.4092984451196,85_chron
201,42.43651855108094,201_chron
26,42.504075999188125,26_chron
223,42.52695559380061,223_chron
116,42.620164901556144,116_chron
168,42.6319851777674,168_chron
260,42.63854943734906,260_chron
252,42.64853209415397,252_chron
229,42.722265876369484,229_chron2
269,42.75287326259924,269_chron
185,42.81800405326913,185_chron
81,42.887621311329276,81_chron
265,42.89260332882465,265_chron
195,43.05909321940882,195_chron
143,43.14943005256409,143_chron
338,43.1543272948613,338_chron2
335,43.154971545957984,335_chron2
257,43.17003600554879,257_chron2
155,43.215070072931894,155_chron
192,43.22307161046766,192_chron
299,43.29109616443548,299_chron
177,43.44209483421242,177_chron2
378,43.45977837173196,378_chron2
84,43.46734787097591,84_chron
311,43.46969078491935,311_chron
113,43.48552462980685,113_chron
200,43.542438315231244,200_chron
213,43.55514207842279,213_chron
120,43.58930364796587,120_chron
332,43.59736312505634,332_chron2
271,43.60765493946171,271_chron
202,43.62730363523686,202_chron
318,43.65920113158048,318_chron2
250,43.69868777625245,250_chron
96,43.71121201779748,96_chron
401,43.74024565753649,401_chron
317,43.784627972672574,317_chron2
282,43.86711612662888,282_chron
313,43.95583329558436,313_chron2
110,44.086486115021444,110_chron
371,44.163856901816594,371_chron
288,44.193419036499066,288_chron
414,44.231139273851795,414_chron2
256,44.33264808986341,256_chron
328,44.353324022906904,328_chron
404,44.35426120718877,404_chron
251,44.374706161776146,251_chron
370,44.422591590768874,370_chron
386,44.46586623693698,386_chron
387,44.47832146742697,387_chron
255,44.48923198828072,255_chron
347,44.48985888328614,347_chron
284,44.61767042014592,284_chron2
29,44.647877731974624,29_chron
273,44.680337775799764,273_chron
242,44.695693523201754,242_chron
199,44.70938301667811,199_chron
278,44.78491934636384,278_chron2
396,44.80803882296358,396_chron2
300,44.81056668489717,300_chron
144,44.85178396347994,144_chron
264,44.87154784770648,264_chron
254,44.872119064250164,254_chron
258,44.87387886704172,258_chron
187,44.908248445933445,187_chron
214,44.908721130967386,214_chron
157,45.00842948169154,157_chron
297,45.04080100557534,297_chron
298,45.09945882957018,298_chron2
366,45.12418052182035,366_chron
439,45.19119047867141,439_chron
124,45.22031239136193,124_chron
352,45.22232633667362,352_chron2
334,45.23992224967621,334_chron
350,45.31276479944037,350_chron
211,45.38665311363053,211_chron
310,45.39061600076508,310_chron
183,45.414402444997805,183_chron
329,45.43425463894415,329_chron
446,45.434386412561544,446_acute
471,45.44112021772537,471_chron2
309,45.48145264006771,309_chron
102,45.49403982193282,102_chron
376,45.50102823535126,376_chron
510,45.57440866557031,510_chron2
418,45.58300632456358,418_chron
267,45.600853328161456,267_chron
475,45.644917247211936,475_chron2
449,45.72372305752074,449_chron
111,45.781552620496164,111_chron
180,45.78738856519544,180_chron
392,45.82094486753688,392_chron
394,45.82651405708312,394_chron2
507,45.84569712322615,507_acute2
344,45.86315443595063,344_chron
308,45.86832677237193,308_chron2
279,45.926112601728406,279_chron
349,45.927938250163116,349_chron
428,45.94464654504659,428_chron2
314,45.96800441855805,314_chron
427,45.97172118665955,427_chron2
411,45.979385915345055,411_chron
384,45.98171177975936,384_chron
248,46.040005699071685,248_chron
339,46.043421723237856,339_chron
485,46.048050303483045,485_chron
385,46.0519001481807,385_chron2
431,46.13302183650779,431_chron
262,46.16116172175534,262_chron
215,46.161634819895625,215_chron
346,46.17172012561289,346_chron
539,46.18918392350098,539_acute2
326,46.302988332799956,326_chron
514,46.30815645547584,514_chron2
226,46.31116032373785,226_chron2
295,46.3194036558797,295_chron
393,46.335195256881775,393_chron
238,46.368277381177606,238_chron
438,46.3937193790985,438_chron
555,46.40906269562785,555_acute2
565,46.44164088790307,565_acute2
353,46.44588178835831,353_chron
487,46.46934313225119,487_chron2
261,46.54189554753749,261_chron
456,46.61561352571568,456_chron
454,46.724887231609316,454_chron
306,46.75240628768119,306_chron2
170,46.76928871349817,170_chron
417,46.80375133188982,417_chron2
436,46.81632223240642,436_chron
478,46.81834261192751,478_chron
275,46.85296968953384,275_chron2
356,46.87527399562936,356_chron
337,46.882902219018334,337_chron
451,46.92662461656324,451_chron
575,46.963796949798066,575_chron2
480,47.05036773982199,480_chron2
535,47.07334587713249,535_chron
381,47.11373454664388,381_chron
186,47.153721516943385,186_chron
361,47.16363354726077,361_chron
134,47.17662783281367,134_chron
425,47.208555988403845,425_chron
244,47.247045431004274,244_chron2
527,47.25691557342353,527_chron2
95,47.291576435491294,95_chron
619,47.313489530455634,619_chron2
548,47.331505684703316,548_chron
292,47.369195895968105,292_chron
453,47.425435542375105,453_chron
440,47.42613380983208,440_chron
419,47.46280880476721,419_chron
422,47.53316505687427,422_chron
345,47.57526705815435,345_chron
511,47.59056475335822,511_chron2
336,47.597642155957786,336_chron
602,47.59971192741253,602_acute2
368,47.60924648709663,368_chron
583,47.61087402032567,583_chron2
405,47.686581937330786,405_chron
100,47.72955845537375,100_chron
523,47.74420218310858,523_chron
397,47.76781310000962,397_chron
430,47.81237126006933,430_chron2
528,47.81709665693895,528_chron2
556,47.81888556525707,556_chron
632,47.868041377743964,632_chron
559,47.91294909170472,559_chron
52,47.9214932400476,52_chron
348,47.934125594836615,348_chron
362,47.954922167090125,362_chron
626,47.975556981498556,626_chron2
266,47.9846454068603,266_chron
208,47.98932668364322,208_chron
505,47.99263045468817,505_chron
360,48.01207788097803,360_chron
522,48.03190461772952,522_chron2
272,48.037893757626435,272_chron
497,48.054797464020886,497_chron2
280,48.06457166914581,280_chron
423,48.14869422839335,423_chron
562,48.15434085807723,562_chron
582,48.16790257702084,582_chron
479,48.184866334912186,479_chron2
549,48.19080170324325,549_chron2
249,48.19689158311543,249_chron
550,48.26631864603295,550_chron2
704,48.34987370937172,704_acute
604,48.39006761356815,604_chron2
65,48.39957501454231,65_chron
563,48.40398521380179,563_chron2
525,48.46182879144199,525_chron
372,48.57724094980904,372_chron
517,48.637836358337935,517_chron
670,48.66382850631168,670_chron
554,48.682608919472614,554_chron
622,48.68796594694597,622_chron2
627,48.68852673270772,627_chron
592,48.69112211226277,592_chron2
291,48.69215007334625,291_chron
683,48.70449810122139,683_chron
235,48.735054121020575,235_chron
574,48.77244445189608,574_chron
426,48.80225828000297,426_chron
600,48.80610939825098,600_chron2
637,48.82221020072186,637_chron2
409,48.88913768981685,409_chron2
726,48.915705075206795,726_chron2
681,48.916998195496184,681_chron2
468,48.91887876211438,468_chron2
520,48.924525397089944,520_chron2
483,48.93051056915287,483_chron
388,48.96133649658309,388_chron2
676,48.97919133759264,676_chron2
323,48.97984720919904,323_chron
576,49.00043815869785,576_chron
121,49.031800620351405,121_chron
294,49.04535487964373,294_chron
587,49.05185315477892,587_acute
503,49.05855718110767,503_chron2
540,49.077778456781566,540_chron2
421,49.092539067226596,421_chron2
560,49.09476904718111,560_acute2
628,49.10145769702048,628_chron2
390,49.10581739500065,390_chron
695,49.12137544219949,695_chron2
543,49.12515732814823,543_chron
325,49.133262164119174,325_chron
518,49.1925350930224,518_chron
615,49.198970409550874,615_chron2
526,49.20533395377561,526_chron
232,49.315112386804394,232_chron
610,49.31647761625456,610_chron2
650,49.40372964953427,650_chron2
664,49.40446770632148,664_chron
722,49.4168266774975,722_acute
621,49.444012860521646,621_chron2
161,49.47896560447199,161_chron2
759,49.51155590739382,759_chron
635,49.532337113120626,635_chron2
239,49.54938215488694,239_chron2
597,49.63802032139959,597_chron
399,49.64343435730045,399_chron
382,49.67010284919422,382_chron
558,49.67428807193318,558_chron
458,49.674741152178015,458_chron
588,49.685132530078135,588_chron
490,49.6910909395636,490_chron
678,49.745544343545546,678_chron
324,49.75252058845589,324_chron
395,49.75556959141072,395_chron
760,49.789836353421265,760_chron2
732,49.808579210659616,732_chron2
781,49.84329761067139,781_chron
357,49.85326690563002,357_chron
494,49.85343530663839,494_chron
660,49.8811945758926,660_chron
649,49.88255962872854,649_chron
634,49.909492753036474,634_chron
659,49.945140095635495,659_chron
623,49.94612590173528,623_chron2
572,49.96111300311619,572_chron
398,49.964264498834815,398_chron2
741,49.97956509934672,741_chron
629,49.99868414025783,629_chron
568,50.03796907899911,568_chron
498,50.05184451577341,498_chron
721,50.06253475042293,721_chron
656,50.0688475734492,656_chron2
93,50.07456031353601,93_chron
673,50.0761827736198,673_chron
304,50.11076274644729,304_chron
827,50.130461341025175,827_acute2
647,50.201939575929394,647_chron
773,50.21408243595152,773_chron2
447,50.232536276821754,447_chron2
852,50.24102124212493,852_chron
459,50.27196877225656,459_chron
553,50.2806595785848,553_chron
737,50.29344633191548,737_chron2
819,50.297533329156565,819_chron2
785,50.31093197004596,785_chron2
330,50.323613306027354,330_chron
665,50.34923573119891,665_chron
462,50.35120948427498,462_chron
285,50.36212902254498,285_chron
551,50.38646792319353,551_chron
599,50.460019083958315,599_chron2
477,50.576550943981694,477_chron
832,50.586109540709685,832_chron2
684,50.63129023433731,684_chron
403,50.64369934756427,403_chron
287,50.65999888138943,287_chron
735,50.66236615900796,735_chron2
701,50.683504696388454,701_chron
270,50.68535185437204,270_chron
698,50.68806934325841,698_acute
800,50.70789629698762,800_chron
679,50.720180269061586,679_chron
745,50.76698848660342,745_chron
516,50.767361058522106,516_chron2
630,50.77727504873245,630_chron
611,50.83662798275456,611_chron
406,50.85216680600514,406_chron
787,50.87722377837196,787_chron
552,50.89431113151391,552_chron2
624,50.93515423331756,624_chron
448,50.94262896134738,448_chron
512,50.95668656270085,512_chron
210,51.02003904338876,210_chron2
950,51.04652919023986,950_acute2
616,51.07897308654564,616_chron2
801,51.083331790085175,801_chron
809,51.087382370026404,809_chron
793,51.133154377923155,793_chron
900,51.155280962424925,900_chron
690,51.182175478065986,690_chron
193,51.22347717415029,193_chron
916,51.22744345868313,916_chron2
461,51.24909553944217,461_chron
720,51.28375067984907,720_chron2
668,51.312879411220486,668_chron
965,51.36430331812411,965_chron2
408,51.36818246898112,408_chron
603,51.39671026043831,603_chron
908,51.41393041519922,908_chron2
322,51.432347655480285,322_chron
544,51.435285010102504,544_chron
779,51.465393430175126,779_chron2
374,51.50584020031047,374_chron2
746,51.5116729370909,746_chron
641,51.53414488731917,641_chron
706,51.541832786285376,706_chron2
420,51.54978288714521,420_chron
631,51.564663410149045,631_chron2
783,51.577087627129735,783_chron
744,51.59505406917517,744_chron
705,51.59796243347114,705_chron
276,51.61072482807809,276_chron
703,51.65643458376882,703_chron
501,51.67192363091568,501_chron
806,51.679535390746,806_chron
963,51.68033917394744,963_acute2
808,51.69249939137868,808_chron
693,51.69874993931529,693_chron
506,51.70254551995129,506_chron
980,51.73071186493254,980_chron2
873,51.76153650493362,873_chron2
718,51.7892970319753,718_chron
899,51.80868869278931,899_chron
77,51.82769203756794,77_chron
712,51.844093871222015,712_chron
768,51.8630264101654,768_chron
710,51.86348194435861,710_chron
646,51.88651410079488,646_chron2
700,51.89073115805617,700_chron
685,51.892456445239404,685_chron
892,51.89533342526268,892_chron2
1056,51.899819602123095,1056_acute
1019,51.90229221046224,1019_acute2
1074,51.906951449084566,1074_chron2
413,51.907221960806574,413_chron2
867,51.97446857033893,867_chron
988,51.978784308387084,988_chron2
493,52.00592460648047,493_chron
231,52.026895859058,231_chron
854,52.03534686590174,854_chron
918,52.04123757635814,918_chron2
492,52.058556871628014,492_chron
748,52.05863993700183,748_chron
465,52.06153030359936,465_chron
496,52.08699382946624,496_chron
948,52.087014469867114,948_chron2
1034,52.09259091508894,1034_chron2
828,52.09678055402014,828_chron
766,52.113666457820585,766_chron
692,52.13211973096642,692_chron2
1022,52.15951117081283,1022_chron2
739,52.17115122379107,739_chron
776,52.17193991620418,776_chron
1128,52.1768940836532,1128_chron2
625,52.17757579336186,625_chron
469,52.1792872471149,469_chron
775,52.18107080046703,775_chron
844,52.184683366935445,844_chron
849,52.19515553408381,849_chron
790,52.19670600921278,790_chron
389,52.211346108843436,389_chron
725,52.218664770269086,725_chron2
694,52.26615302325578,694_chron2
1101,52.27031983091463,1101_chron2
584,52.29373267753422,584_chron
220,52.303866831262475,220_chron
830,52.32764454494987,830_chron
1057,52.33496932559122,1057_chron2
534,52.34267713712697,534_chron
780,52.34369459467335,780_chron
644,52.347886593844215,644_chron2
241,52.359077216510116,241_chron
581,52.366063513435584,581_chron
989,52.375502535246184,989_chron
1017,52.395966510449995,1017_chron2
651,52.41189015475194,651_chron
1004,52.41207992690947,1004_chron2
691,52.41595113208624,691_chron
765,52.420316289951494,765_chron
795,52.42304637923612,795_chron
410,52.43006698660389,410_chron2
677,52.440409760593234,677_chron2
1030,52.448902679924416,1030_chron
898,52.454892958474716,898_chron2
1051,52.47019010510038,1051_chron2
951,52.486591130105445,951_chron2
434,52.50406093102547,434_chron
277,52.50734836565969,277_chron2
495,52.515187598524946,495_chron
1154,52.5271460986274,1154_chron
841,52.5338329194911,841_chron
771,52.56424637388658,771_chron2
642,52.57074799017101,642_chron
767,52.58253647955877,767_chron2
742,52.58474994653864,742_chron
807,52.63777546703793,807_chron2
957,52.69187599921672,957_chron
864,52.694261695116,864_chron2
996,52.741003952432564,996_acute2
569,52.770621853684,569_chron
733,52.80386838465614,733_chron
993,52.8331118884111,993_chron
1077,52.83338991627037,1077_chron2
953,52.83924475216211,953_chron2
432,52.85484601106424,432_chron
579,52.85676436108346,579_chron
907,52.885607811097714,907_chron2
1065,52.921706316371996,1065_acute2
614,52.937919967282646,614_chron
1191,52.94340622669537,1191_chron2
804,52.953503079439486,804_chron
881,52.959599433857235,881_chron2
608,52.971033056668894,608_chron2
831,52.97418644248801,831_chron
920,52.97961730488025,920_chron
636,52.98493689494725,636_chron2
340,52.98811449375457,340_chron
1055,53.00111493607135,1055_chron2
435,53.03066914201346,435_chron
452,53.058135737136666,452_chron
750,53.0672154474404,750_chron
379,53.06961445010879,379_chron
857,53.07076529812273,857_chron
983,53.09588767726444,983_chron
933,53.10070152619859,933_chron
992,53.11595906223215,992_chron2
822,53.12159994355062,822_chron2
327,53.12828161853689,327_chron
1099,53.13146772919156,1099_chron
1078,53.140650586501614,1078_chron
90,53.154926543016934,90_chron
938,53.19261755067972,938_chron
1013,53.19579604732487,1013_chron2
643,53.20208107485101,643_chron
882,53.23602924819077,882_chron
1076,53.2431020231043,1076_chron2
1047,53.27428718664312,1047_chron
774,53.30297303557659,774_chron
1139,53.328737386240086,1139_chron2
1249,53.34605879642295,1249_chron2
708,53.36353156780491,708_chron
855,53.37102673290869,855_chron
473,53.3785156733893,473_chron
542,53.38003851758793,542_chron
672,53.38842768300532,672_chron2
73,53.40350503152777,73_chron
829,53.42061988929032,829_chron
1189,53.431111331173774,1189_chron
888,53.43800237586429,888_chron
491,53.442735938984484,491_chron
975,53.44724809173255,975_chron2
1035,53.44869143111788,1035_chron
997,53.526741012656714,997_chron2
707,53.52882051890535,707_chron
715,53.53528239806352,715_chron
500,53.5558291914124,500_chron
1039,53.57933871306697,1039_chron
519,53.58866768081442,519_chron
833,53.59445723846505,833_chron
290,53.61004068475487,290_chron
1311,53.6328742521968,1311_chron2
268,53.68711375406074,268_chron
949,53.71720545688971,949_chron2
1044,53.759095963217256,1044_chron
985,53.77029844083749,985_acute2
247,53.793124799135796,247_chron
429,53.81513567967482,429_chron
1028,53.83771792283627,1028_chron
573,53.84244228700762,573_chron2
1082,53.846862061591004,1082_chron2
1261,53.88597224053726,1261_acute2
464,53.901547493502285,464_chron
1260,53.902062728739374,1260_chron
1095,53.90310752313686,1095_chron2
1285,53.91697881142747,1285_chron
1020,53.9245859816539,1020_chron2
817,53.92781993647854,817_chron
1385,53.93983569439779,1385_chron2
515,53.974489513771104,515_chron
369,53.975007126688176,369_chron
1266,53.97931052104771,1266_chron2
1100,53.98489980850569,1100_chron
1392,54.00787381758081,1392_acute
1093,54.00856355570356,1093_chron2
1066,54.01192775842594,1066_chron2
164,54.01540224820754,164_chron
508,54.03613835881425,508_chron
1244,54.046645206051835,1244_chron
1106,54.06117926446924,1106_chron2
504,54.061914092006724,504_chron
851,54.074027909430995,851_chron
595,54.11232898347606,595_chron
301,54.12456559928743,301_chron
1117,54.137021462049205,1117_chron
973,54.14577950709441,973_chron2
343,54.14717940680194,343_chron
545,54.151127006134956,545_chron2
942,54.15304327314512,942_chron
1097,54.15842921029199,1097_chron
947,54.164981425501345,947_chron2
1319,54.18624330702684,1319_chron
1305,54.18951577627108,1305_chron2
917,54.19084881427043,917_chron
979,54.20971915029736,979_chron2
1016,54.223911934758185,1016_chron
762,54.23948941777965,762_chron
1187,54.249743853492255,1187_chron
1081,54.25962584807006,1081_chron
981,54.28215962699354,981_chron2
932,54.28766042812882,932_chron
987,54.30308972630116,987_chron
1146,54.304626349836255,1146_chron2
926,54.306867318716556,926_chron2
860,54.30923827434212,860_chron
1177,54.32489005463851,1177_chron
764,54.328000469224634,764_chron
1349,54.33973024345979,1349_chron
450,54.34231573857992,450_chron
1069,54.34631651860683,1069_chron
1364,54.355362410524585,1364_chron
351,54.36537394629992,351_chron
176,54.39490388991016,176_chron
367,54.39750685671019,367_chron
976,54.464907488059794,976_chron
607,54.47621469297286,607_chron
940,54.49055474452644,940_chron
986,54.52487001276978,986_chron
1316,54.54782744779141,1316_chron2
1462,54.55506788525846,1462_acute2
342,54.55609382668432,342_chron
798,54.570293862109914,798_chron
891,54.57536205840786,891_chron
784,54.5870168099566,784_chron
1183,54.6025983007598,1183_chron
530,54.616364745349266,530_chron
1302,54.619889761317715,1302_chron
457,54.622824029456964,457_chron
1398,54.62764391678867,1398_chron
719,54.652799644105734,719_chron2
824,54.660562151297185,824_chron
1168,54.66301757451253,1168_chron
1430,54.675897946336505,1430_acute
1040,54.67770900147615,1040_chron2
1239,54.68157063144267,1239_chron
1309,54.68315079960286,1309_chron
954,54.688603648696706,954_chron
1159,54.693077788400814,1159_chron
1399,54.71934118120497,1399_chron2
752,54.72032712793475,752_chron2
1155,54.735040587113026,1155_chron2
1010,54.758905423406596,1010_chron
114,54.77763825848342,114_chron
1158,54.781508543001095,1158_chron
797,54.78332625350048,797_chron2
763,54.804986971477845,763_chron2
964,54.819432154357806,964_chron2
259,54.896563881066726,259_chron
754,54.90771167204584,754_chron
1468,54.92258652092459,1468_chron2
871,54.93211357641749,871_chron
529,54.950989124051894,529_chron
538,54.95431048320623,538_chron
1060,54.96408387723177,1060_chron2
1038,54.967172304493744,1038_chron
212,54.99532973466303,212_chron
612,55.01453216018571,612_chron
1007,55.02342769096662,1007_chron
816,55.040242922657384,816_chron
877,55.0414176787914,877_chron2
874,55.04296266973887,874_chron2
416,55.07185864832018,416_chron
1045,55.09125652244438,1045_chron
1222,55.104728011705674,1222_acute
946,55.12552098058159,946_chron2
910,55.14058826028063,910_chron
474,55.1524803125373,474_chron
1345,55.179275565596136,1345_chron2
586,55.19327663404272,586_chron
230,55.222668466993206,230_chron
1103,55.22617953359664,1103_chron2
902,55.233294050498955,902_chron
1170,55.23455419449915,1170_chron
476,55.25473067928253,476_chron
850,55.2701921343737,850_chron
1324,55.27696790844641,1324_chron2
972,55.27788261966807,972_chron
1206,55.27907818457334,1206_chron
1272,55.301899135051094,1272_chron
1282,55.31741643971014,1282_chron
532,55.31810008356938,532_chron
717,55.33414385809477,717_chron2
897,55.33851800900165,897_chron
1411,55.346622646343434,1411_chron2
936,55.37138829255334,936_chron
1137,55.379810276476356,1137_chron
805,55.380939447717374,805_chron2
189,55.38632471709863,189_chron
995,55.387068383570984,995_chron
613,55.398487479212605,613_chron2
823,55.417190010189074,823_chron
1308,55.418701542561884,1308_chron2
820,55.4275966904431,820_chron
1532,55.42767422742227,1532_chron
196,55.43582106303198,196_chron
1558,55.43766451060993,1558_acute2
761,55.44252624394316,761_chron
1227,55.46841261037676,1227_chron
482,55.470739197971696,482_chron
589,55.472743942205256,589_chron
889,55.484291941294565,889_chron2
1312,55.49863910609607,1312_chron2
802,55.502756464309556,802_chron
1012,55.50313522892805,1012_chron
364,55.52634774989094,364_chron
205,55.5438792416808,205_chron
1273,55.545248401644926,1273_chron2
782,55.569087457688404,782_chron
1205,55.56932697498635,1205_chron2
1201,55.570302014214285,1201_chron
945,55.577525946114065,945_chron
1517,55.57765286127681,1517_chron2
1298,55.58269091187712,1298_chron
1173,55.58630815094441,1173_chron2
1310,55.60061525381034,1310_chron
1237,55.60594634356285,1237_chron2
961,55.61167214039143,961_chron
1157,55.62332855343394,1157_chron
1292,55.626650763945,1292_chron2
1042,55.63386551140459,1042_chron
1427,55.6535239199439,1427_chron
383,55.65611331493204,383_chron
1164,55.664366222343354,1164_chron2
1408,55.66654762111495,1408_chron
1332,55.67676653538784,1332_chron2
856,55.68803566218792,856_chron
1251,55.69031167149979,1251_chron2
182,55.693462874727224,182_chron
1561,55.707048847585284,1561_chron2
1217,55.721936112844844,1217_chron
1498,55.73096443252443,1498_chron2
825,55.743057092942415,825_chron
697,55.7493145796671,697_chron
1141,55.753424867089485,1141_chron2
1166,55.75471688085484,1166_chron
1560,55.76418177329313,1560_chron
246,55.7702163472434,246_chron2
355,55.77346908613264,355_chron
1243,55.806481112836416,1243_chron
1419,55.82019429671134,1419_chron
1079,55.834445137074034,1079_chron
1317,55.836069090098874,1317_chron
1409,55.83726290840512,1409_chron2
1147,55.87081201402206,1147_chron
1445,55.88202673273158,1445_chron2
1368,55.883388612371,1368_chron
998,55.88985127268404,998_chron
541,55.89032577523199,541_chron
126,55.892190258730004,126_chron
1083,55.895803429746884,1083_chron
1505,55.9071443384888,1505_chron2
723,55.931009511854946,723_chron
1198,55.95989939703616,1198_chron
1617,55.96204658226842,1617_acute
407,55.969744219301255,407_chron
1256,55.98356811508369,1256_chron
640,55.999529079485676,640_chron
1482,56.00640826618607,1482_chron2
753,56.01037649586423,753_chron2
1552,56.01214648062323,1552_chron2
1277,56.01726395590427,1277_chron2
377,56.03157210711195,377_chron
1413,56.043892580069404,1413_chron
699,56.076122971677414,699_chron
755,56.07850155946169,755_chron
1589,56.085822624069635,1589_chron2
749,56.088558505820984,749_chron
1480,56.09279083544234,1480_acute2
1577,56.09525411789284,1577_chron2
1023,56.09642268586279,1023_chron
216,56.0979207443758,216_chron
1185,56.10888513642462,1185_chron
1446,56.10998214319039,1446_chron2
1373,56.14414979896222,1373_chron
894,56.156643570922455,894_chron
1567,56.159144039078996,1567_chron2
655,56.16344348223663,655_chron
1072,56.16406216206962,1072_chron
521,56.16562440484513,521_chron
884,56.16674725064156,884_chron
1124,56.19750027221889,1124_chron
564,56.198768496951516,564_chron
1303,56.21090480916789,1303_chron
245,56.21308470020403,245_chron
1064,56.23730232234028,1064_chron
1085,56.252204508617226,1085_chron
1111,56.25597197424285,1111_chron
1464,56.26691010619652,1464_chron
1169,56.285781268437546,1169_chron2
934,56.289875151101874,934_chron
1525,56.2920986705622,1525_chron
1186,56.29437994025585,1186_chron
1036,56.31349227985417,1036_chron
1426,56.32594680065118,1426_chron
1295,56.338540100721424,1295_chron
1233,56.35833712391112,1233_acute2
1315,56.368034210204485,1315_chron
1661,56.375411589725715,1661_chron
1753,56.37554749974908,1753_acute2
1000,56.39967284360566,1000_chron
740,56.40063285533088,740_chron
1219,56.41762204936073,1219_chron
1512,56.44382883900177,1512_chron2
1471,56.452016430245436,1471_chron
1495,56.4578458888019,1495_chron
1171,56.46349885920283,1171_chron
1026,56.47614653238316,1026_chron
1029,56.48115153171864,1029_chron
547,56.48869092103005,547_chron
994,56.49216344622569,994_chron
1119,56.50845744665312,1119_chron
1333,56.51141588439454,1333_chron
1442,56.52383938555056,1442_chron
1494,56.53981609551612,1494_chron2
1556,56.54321397003655,1556_chron2
835,56.54384360914322,835_chron
1216,56.54440758327024,1216_chron
380,56.55366164757049,380_chron
812,56.55553611285827,812_chron
956,56.56015149659425,956_chron
1572,56.56188538737859,1572_chron2
1686,56.5698402058201,1686_chron2
1374,56.572051455043336,1374_chron
1245,56.5828243727767,1245_chron2
319,56.58621008824087,319_chron
1443,56.59040983021005,1443_chron2
1684,56.63262991052307,1684_acute2
713,56.652586229421075,713_chron
412,56.653645318255855,412_chron
1469,56.662789449558375,1469_chron2
941,56.66610315601439,941_chron
402,56.67022542027922,402_chron
913,56.67821036257498,913_chron
470,56.71870544394592,470_chron
1414,56.72035823749222,1414_chron
1536,56.725397412312006,1536_acute
758,56.73203747078556,758_chron
536,56.7323355830013,536_chron
1625,56.73660316822387,1625_chron2
1478,56.74717067384781,1478_chron
1361,56.75422729253494,1361_chron
1314,56.782612974112105,1314_chron
455,56.792328519159234,455_chron
236,56.847356588621054,236_chron
1747,56.850432809090165,1747_chron2
1338,56.855313840077656,1338_chron
1379,56.86060098307821,1379_chron
1172,56.87379397632279,1172_chron
1713,56.89317534634876,1713_chron2
1369,56.895840070292785,1369_chron
1709,56.90182467139846,1709_chron
1278,56.90720884068678,1278_chron
1142,56.936879886284856,1142_chron2
1372,56.94707252851379,1372_chron
305,56.94716935777881,305_chron2
1546,56.975763890199104,1546_chron2
1584,56.97992194661327,1584_acute
1268,56.9801147654117,1268_chron
1418,56.98269047491024,1418_chron
1813,56.98406815365212,1813_chron2
1739,56.984389731296716,1739_chron2
1461,57.00340059076582,1461_chron
1152,57.01437314343594,1152_chron
1123,57.015200388721546,1123_chron
1380,57.02863768280142,1380_chron
331,57.05011211456489,331_chron
1259,57.05547589244987,1259_chron
1710,57.06596772235501,1710_chron
1304,57.06656863354707,1304_chron
1571,57.07522078025923,1571_chron2
224,57.080062130964066,224_chron
1108,57.08832062919243,1108_chron
1657,57.09497011010645,1657_chron
1765,57.0994714430376,1765_chron2
1758,57.112736509149045,1758_chron2
1695,57.124467286570386,1695_chron2
585,57.13015016761691,585_chron
1705,57.14525387211715,1705_chron
868,57.15252209629988,868_chron
1025,57.16611502808887,1025_chron
1470,57.16878801595957,1470_chron2
1608,57.18221167110584,1608_chron
652,57.19589726970681,652_chron
1554,57.19896840418162,1554_chron2
876,57.20237262725301,876_chron
1834,57.205879520436895,1834_chron
1783,57.21031521903983,1783_chron2
935,57.213439270106456,935_chron
509,57.220585726295184,509_chron
1859,57.236214502967364,1859_chron2
1143,57.24413067354262,1143_chron2
1375,57.24695635220422,1375_chron2
1165,57.24830717713148,1165_chron2
1181,57.25731575757428,1181_chron
1488,57.259908991447546,1488_chron
1811,57.26316117573848,1811_chron
1737,57.267315862448136,1737_chron
803,57.2737696862804,803_chron
927,57.27718052685349,927_chron
1500,57.289980868949094,1500_chron
274,57.29359584799037,274_chron
1634,57.30132921501786,1634_chron
912,57.30665504658405,912_chron
1702,57.34771682591369,1702_acute2
1712,57.351783787200795,1712_chron
911,57.3599123790772,911_chron
904,57.36878154660388,904_chron
1760,57.37128851298175,1760_chron2
1090,57.37293326174465,1090_chron
1234,57.386971316754526,1234_chron
1665,57.42344403802856,1665_chron
1381,57.42741249325396,1381_chron
1613,57.434903215269415,1613_chron
1457,57.44483403158601,1457_chron2
1210,57.45666666145887,1210_chron
1376,57.45813140341972,1376_chron
1596,57.463827161810734,1596_chron
1653,57.473193222805214,1653_chron
1496,57.47436323127026,1496_chron
1436,57.48382609702188,1436_chron
1605,57.507940720088826,1605_chron
1772,57.509014860194256,1772_chron
883,57.51224575474013,883_chron
1687,57.513720693760256,1687_chron
944,57.517799892545234,944_chron
1866,57.52482676550156,1866_acute2
1542,57.53020126757675,1542_chron
289,57.53775729282598,289_chron
1830,57.544147423929786,1830_acute2
633,57.54879445599387,633_chron
358,57.55200421174981,358_chron
869,57.552673544893466,869_chron2
1779,57.5692583656034,1779_chron2
1400,57.574181072631134,1400_chron
1276,57.59263351478412,1276_chron2
590,57.598974051706534,590_chron
880,57.60194253071549,880_chron
671,57.61648756180542,671_chron
1491,57.62255732296382,1491_chron
1925,57.629721770939526,1925_acute2
1330,57.632137456243484,1330_chron2
1492,57.63360117770998,1492_chron
1354,57.65448954528886,1354_chron2
1950,57.66022023154949,1950_chron
1472,57.6850662607555,1472_chron
1499,57.69190960017469,1499_chron
1331,57.699553071129486,1331_chron2
488,57.714365708630496,488_chron
1084,57.73424066068105,1084_chron2
1597,57.738901011943746,1597_chron
1631,57.74128667372249,1631_chron2
1658,57.745324337572264,1658_chron
1178,57.74776768956339,1178_chron2
1628,57.74886862281625,1628_chron2
1877,57.767705766832464,1877_chron2
1676,57.76989506574516,1676_chron
1646,57.76997071834595,1646_chron2
1639,57.777600216094704,1639_chron2
1180,57.798198497965075,1180_chron
1825,57.83028052365002,1825_chron
1506,57.83223412368255,1506_chron
580,57.84223277419981,580_chron
1619,57.85116307682607,1619_chron2
1520,57.86073557153959,1520_chron
1397,57.869698411334404,1397_chron2
1406,57.87022087967076,1406_chron
1215,57.8822414703885,1215_chron
1943,57.89489530377975,1943_acute
1603,57.89806067987259,1603_chron
1129,57.899680683287585,1129_chron
689,57.902265722019365,689_chron2
1604,57.90931109760168,1604_chron
1787,57.92770003852677,1787_chron
1503,57.936189984570376,1503_chron
743,57.948917572872965,743_chron
531,57.9840626725854,531_chron
1530,58.00929970266056,1530_chron
971,58.00998549879589,971_chron
1365,58.05763878374194,1365_chron
1875,58.06415097624778,1875_chron
729,58.07390740954533,729_chron
1456,58.08405468469431,1456_chron
1433,58.10469003119814,1433_chron2
791,58.115973076329055,791_chron
1578,58.120349017359786,1578_chron
887,58.13304492119869,887_chron
191,58.13999623198053,191_chron
1086,58.14208133293493,1086_chron
1685,58.144316683451045,1685_chron2
1862,58.150148852386096,1862_chron
1467,58.15840365611231,1467_chron
1241,58.16062477917259,1241_chron
1729,58.161244155652085,1729_chron2
1540,58.164239889184344,1540_chron
1746,58.17524759149612,1746_chron
1843,58.191359807719486,1843_chron
1594,58.21460030657944,1594_chron2
1971,58.215140909552126,1971_chron
1555,58.21515746635602,1555_chron
1383,58.22162797290601,1383_chron
1932,58.22525369451649,1932_chron
1807,58.265422228889484,1807_chron
1358,58.2727692144462,1358_chron
1396,58.27781620784872,1396_chron
283,58.2815120769359,283_chron
1362,58.30089283057623,1362_chron
1163,58.31083974532322,1163_chron
1346,58.31112759050455,1346_chron
1720,58.32060094550754,1720_chron2
2054,58.320797716079994,2054_acute
738,58.32391342973525,738_chron
1629,58.324119867463516,1629_chron
1390,58.33417354517142,1390_chron
1323,58.361103768229796,1323_chron
1850,58.36477689173418,1850_chron
929,58.37173967256232,929_chron
1756,58.373013681307306,1756_chron
1800,58.39152120085289,1800_chron
1387,58.391972252879405,1387_chron
165,58.396498436497595,165_chron
1957,58.40156105873442,1957_chron
709,58.402270014699646,709_chron
391,58.40858182405392,391_chron
1707,58.41324847444153,1707_chron2
1284,58.4202553208169,1284_chron
1728,58.430470929357604,1728_chron
1586,58.432523857465654,1586_chron
1716,58.43744106400284,1716_chron
1161,58.44765589725892,1161_chron
1601,58.45524080401665,1601_chron
365,58.466472008395314,365_chron
1450,58.48354599169108,1450_chron
2001,58.4851850454615,2001_acute2
1437,58.49008803026285,1437_chron
1844,58.49494135771239,1844_chron2
1846,58.504765023916995,1846_chron2
1847,58.506403389375215,1847_chron2
1947,58.51045382900199,1947_chron2
1662,58.510567674236576,1662_chron
1547,58.51157648310246,1547_chron
1162,58.51945713598749,1162_chron
842,58.52481988354121,842_chron
960,58.52789803976859,960_chron
1838,58.5382412122956,1838_acute
1696,58.54246846181199,1696_chron
400,58.54310357002327,400_chron
1326,58.55597754144857,1326_chron
861,58.5724476589322,861_chron
1916,58.59572094977827,1916_chron2
373,58.59759634738858,373_chron
1489,58.610556241153944,1489_chron
1791,58.62010589019839,1791_chron
1279,58.6272512488892,1279_chron
1845,58.635301667766306,1845_chron2
1635,58.63678672062589,1635_chron
1663,58.64488350618168,1663_chron
1769,58.65304304623321,1769_chron
1388,58.67204955353912,1388_chron
890,58.70554163462237,890_chron
862,58.721256633353214,862_chron
1463,58.725457051528466,1463_chron
1968,58.72629748075742,1968_chron2
1054,58.73156176200445,1054_chron
1828,58.74016369335311,1828_chron
858,58.740166430904004,858_chron
756,58.748778259147585,756_chron
2120,58.75808876118738,2120_chron
1826,58.76544367753359,1826_chron
1005,58.769348557252016,1005_chron
1633,58.770531961331734,1633_chron2
1110,58.7778372781259,1110_chron
293,58.779223753633254,293_chron
1913,58.7804854149971,1913_chron2
1250,58.799449840275024,1250_chron
1735,58.80951966454795,1735_chron2
878,58.81871106106749,878_chron
1808,58.81974219832018,1808_chron
2013,58.827127353626125,2013_chron2
1075,58.830548832987226,1075_chron
1378,58.83144125199788,1378_chron
1626,58.83951391537742,1626_chron
1104,58.86432787683992,1104_chron
424,58.871131669077144,424_chron
1541,58.88815120252529,1541_chron2
433,58.89533587112411,433_chron
1606,58.89998339603509,1606_chron
1033,58.90101313056912,1033_chron
1641,58.90144968367816,1641_chron2
1723,58.916231615019086,1723_chron
1701,58.92213301075905,1701_chron
1151,58.93349200681123,1151_chron
1724,58.9406333074851,1724_chron
886,58.94365072525063,886_chron
1522,58.94377735802901,1522_chron
1831,58.94518678376159,1831_chron
1963,58.96187985069361,1963_chron
1270,58.97226611960696,1270_chron
1647,58.98651310880709,1647_chron2
1999,58.98875949276628,1999_chron2
2033,58.9915965709865,2033_chron2
1736,58.99468472184352,1736_chron2
1231,59.003475133425724,1231_chron
875,59.00847897330108,875_chron
1891,59.0119822710873,1891_chron2
2026,59.0134203443457,2026_chron2
1179,59.01527461928131,1179_chron2
1021,59.022318174420896,1021_chron
227,59.02504047950212,227_chron
1438,59.03467278627863,1438_chron
1405,59.04234193713389,1405_chron
1423,59.062163139472204,1423_chron2
1370,59.063073165110225,1370_chron2
1027,59.06560134904559,1027_chron
1669,59.07904600064258,1669_chron
711,59.08029363892378,711_chron2
234,59.08289308733535,234_chron
1048,59.10082832639498,1048_chron
1269,59.11817821508856,1269_chron
1115,59.1205809921277,1115_chron
1343,59.131857979428744,1343_chron
674,59.143812964277885,674_chron
757,59.153207169674744,757_chron
1447,59.16354752067434,1447_chron2
1650,59.16779271036526,1650_chron
1063,59.16840824720915,1063_chron
1817,59.16973278409859,1817_chron2
1575,59.17095027385552,1575_chron2
1483,59.19672726894874,1483_chron
1126,59.21386686542413,1126_chron
1962,59.21879646221231,1962_chron2
1202,59.219342033497405,1202_chron
1011,59.234525293580226,1011_chron
1833,59.238071629202956,1833_acute
810,59.239341540173385,810_chron
1697,59.24511843925891,1697_chron
2163,59.25342080966343,2163_chron
1977,59.266352695018526,1977_chron2
524,59.26993557413365,524_chron
1621,59.27483361334244,1621_chron
1329,59.28786616264095,1329_chron
460,59.29053323886057,460_chron
1416,59.29133570529666,1416_chron
1987,59.29519777994464,1987_acute
1018,59.299247964445,1018_chron
1627,59.30484562092864,1627_chron2
1220,59.313936023874966,1220_chron
1991,59.3267102585312,1991_chron2
1890,59.32913200553571,1890_chron2
1486,59.340721158701726,1486_chron2
2136,59.35134590719093,2136_chron
1448,59.36302672073105,1448_chron
312,59.37795644450982,312_chron
1049,59.37873468574634,1049_chron
1848,59.379123448247256,1848_chron
2112,59.386906185406566,2112_acute2
1898,59.393024482082474,1898_chron2
1391,59.39618932483325,1391_chron
984,59.40793661008501,984_chron
2005,59.41327664929327,2005_chron
1887,59.43381098133637,1887_chron
1802,59.444303460272906,1802_chron
1907,59.4452212070509,1907_chron2
1307,59.44527677019762,1307_chron
2037,59.4532383810665,2037_chron2
1487,59.45714540268404,1487_chron
467,59.46952727742426,467_chron
1602,59.47764892398845,1602_chron
2055,59.4831035262846,2055_chron
2063,59.50427146104258,2063_chron
1347,59.510596493360566,1347_chron
654,59.522001805280546,654_chron
813,59.52441792442369,813_chron
1098,59.53540992628109,1098_chron
1906,59.54470908642227,1906_chron
1590,59.549117363334396,1590_chron2
1727,59.55115264981847,1727_chron
1920,59.55253372371483,1920_chron
253,59.559737291012624,253_chron
1386,59.5654539695554,1386_chron
1878,59.57234942723209,1878_chron2
1976,59.597088916217125,1976_chron2
903,59.60151230847072,903_chron2
1412,59.60313972836813,1412_chron
1759,59.613688139162846,1759_chron2
2305,59.61669034897974,2305_chron
2268,59.623677417038515,2268_acute2
2087,59.62401635752332,2087_chron2
2151,59.62415156616315,2151_chron2
1550,59.628625638395356,1550_chron
1730,59.62881811101939,1730_chron
1344,59.632848502717046,1344_chron
1642,59.63663379039254,1642_chron
1209,59.64172460674284,1209_chron
1531,59.671455500279265,1531_acute
2134,59.67984474561513,2134_chron2
1885,59.6835194155514,1885_chron
1611,59.690047390788415,1611_chron
658,59.69447838494924,658_chron
1990,59.705899370924676,1990_chron
1094,59.71294221517316,1094_chron
1240,59.71813353267776,1240_chron
1984,59.73414806975953,1984_chron2
1911,59.73845045219551,1911_chron2
2147,59.76393059901797,2147_acute2
1460,59.77625465273774,1460_chron2
1156,59.783442255097036,1156_chron
1518,59.78364901112286,1518_chron2
1121,59.7902621085454,1121_chron
1752,59.79770957969902,1752_acute
1160,59.805217044362884,1160_chron
2016,59.80888469013396,2016_chron
2304,59.824943466215245,2304_chron2
1841,59.82882510264111,1841_chron
1961,59.85823165689633,1961_chron
2171,59.860237392822775,2171_chron
2100,59.86434667272462,2100_chron2
1440,59.87668451468363,1440_chron
2058,59.88329026213931,2058_chron
1745,59.892721791235694,1745_chron
2154,59.90879653538551,2154_chron2
1059,59.917022109831684,1059_chron
1474,59.91840345024365,1474_chron
821,59.92019836638283,821_chron
499,59.92475063770266,499_chron
680,59.92749922209302,680_chron
1722,59.92859324723885,1722_chron
2307,59.932728621280624,2307_acute2
2251,59.94306950921082,2251_chron2
1459,59.94580253428239,1459_chron
2357,59.949694979634224,2357_chron
1138,59.9524383998651,1138_chron
2293,59.968538495915155,2293_chron
1351,59.96946347418082,1351_chron2
437,59.974639319752704,437_chron2
928,59.97560335773948,928_chron
2225,59.9803811398268,2225_chron2
1569,59.98446743782385,1569_chron
1112,59.98491535938434,1112_chron2
1526,59.99841110857503,1526_chron
2043,60.00335978909374,2043_chron2
1923,60.01109865722126,1923_chron
1799,60.025012009324726,1799_chron
1914,60.03601066380557,1914_chron2
1192,60.04020467760719,1192_chron2
2160,60.04251448315209,2160_chron
2000,60.04561626406733,2000_chron2
870,60.04792379113579,870_chron
837,60.04859386097342,837_chron
2331,60.05423234335501,2331_chron
1989,60.05501979823912,1989_chron
2295,60.08146092504384,2295_chron
2092,60.08189613903555,2092_chron
486,60.08229678209684,486_chron2
1549,60.104416960826974,1549_chron2
1335,60.105908384082404,1335_chron
2270,60.11348504431108,2270_chron2
2232,60.11475806266609,2232_chron
2053,60.11493549301008,2053_chron2
814,60.1154142554794,814_chron
863,60.11929227683806,863_chron
1953,60.127077961189336,1953_chron
2090,60.14193378864121,2090_chron
645,60.14737905759825,645_chron
1819,60.15071634109978,1819_chron2
1226,60.15643660395398,1226_chron2
2067,60.161357534709,2067_chron2
1130,60.167003871284095,1130_chron2
978,60.175133999934204,978_chron
1640,60.179215497742305,1640_chron
1481,60.1804955314727,1481_chron
2010,60.19485107159983,2010_chron2
1934,60.20867880086698,1934_chron
2290,60.21787004043224,2290_acute
1790,60.22157064629086,1790_chron
2425,60.22355434314039,2425_acute2
923,60.231937209367814,923_chron
333,60.23945606147225,333_chron
1832,60.24635329628295,1832_chron2
1967,60.247371233967044,1967_chron
2109,60.24765826695846,2109_acute2
2186,60.25118524403202,2186_chron
1778,60.264354943310614,1778_chron
359,60.26517617039301,359_chron
1782,60.271482196215246,1782_chron
1067,60.2790239521683,1067_chron
1581,60.28170513275606,1581_chron
1431,60.29110770356669,1431_chron2
2085,60.292571530778595,2085_chron
2283,60.29704450256893,2283_chron2
1114,60.29817832547635,1114_chron
1930,60.30457954717982,1930_chron
1452,60.314431230138084,1452_chron
1528,60.31684140277333,1528_chron
2278,60.32404649693415,2278_chron
1789,60.330703867268795,1789_chron2
1683,60.333667775584,1683_chron
1290,60.34964369804365,1290_chron
2382,60.357042528668785,2382_chron
1271,60.36274268221861,1271_chron
1718,60.37151904858628,1718_chron
2404,60.373755178840945,2404_chron2
2301,60.38870207780199,2301_chron
1407,60.39224049249518,1407_chron
1032,60.398540562432274,1032_chron2
1895,60.403989553854416,1895_chron
1660,60.420022941401704,1660_chron2
1689,60.423758908388294,1689_chron2
1944,60.426879015442935,1944_chron
2195,60.43463743821086,2195_chron2
1193,60.436386051145384,1193_chron
2166,60.43760678687195,2166_chron2
2135,60.45579385209043,2135_chron
1857,60.46255666071107,1857_chron
2361,60.46619624911768,2361_chron2
2421,60.47191723284958,2421_chron2
1001,60.48345373357793,1001_chron2
1538,60.49349223015905,1538_chron
1184,60.49748701750445,1184_chron
939,60.497953389187686,939_chron
2470,60.498768962585096,2470_chron
1014,60.504411025132214,1014_chron
1441,60.51156157946998,1441_chron
445,60.51324819405935,445_chron
1595,60.514494141302805,1595_chron
1355,60.51944146056161,1355_chron
1755,60.54877658229833,1755_chron
1764,60.55197254295856,1764_chron2
2073,60.57573676716357,2073_chron
1248,60.57844045368387,1248_chron
2143,60.57926907730633,2143_chron
2088,60.58110702018148,2088_chron
2430,60.59940809998932,2430_chron2
1981,60.603339637283526,1981_acute
2280,60.61387054344672,2280_chron
2456,60.6139039054558,2456_chron2
1294,60.62441579866664,1294_chron
281,60.63378398009993,281_chron
2347,60.63464841360975,2347_chron2
1544,60.63899445374947,1544_chron
1874,60.641809251814834,1874_chron
1228,60.641990418391224,1228_chron
1775,60.64438348344455,1775_chron
1587,60.65214516312133,1587_chron
2358,60.658114488637594,2358_acute
838,60.673039202327196,838_chron
1435,60.675703447093504,1435_chron
2248,60.683908423627244,2248_acute
1337,60.68787994160987,1337_chron
1116,60.68813684989555,1116_chron
2418,60.69900676879432,2418_chron2
2526,60.70655325651866,2526_chron2
2208,60.73160283765052,2208_chron
1328,60.74704450081386,1328_chron
1280,60.75303943690596,1280_chron
1919,60.75530003298838,1919_chron
1964,60.75706696473375,1964_chron
2541,60.76324394779338,2541_acute2
2210,60.769809551667926,2210_chron
1785,60.76982957813088,1785_chron
1598,60.77114347152893,1598_chron2
2356,60.77806508528578,2356_chron2
2451,60.78016418029291,2451_chron2
924,60.7884931888324,924_chron2
2078,60.80103664267963,2078_chron
2065,60.82879764349992,2065_chron
2314,60.82939715745742,2314_chron
772,60.848663719635404,772_chron
1637,60.87264062002922,1637_chron
2062,60.88307531541049,2062_chron2
1974,60.88401485214581,1974_chron2
2463,60.88649212407523,2463_chron
796,60.89566593610846,796_chron
2222,60.908488757923436,2222_chron
2110,60.91070188028437,2110_chron
1527,60.91121490189579,1527_chron
1449,60.91444191886109,1449_chron
2126,60.92114825944933,2126_chron
1921,60.9347538435166,1921_chron
1949,60.93739217199985,1949_chron2
1334,60.94043973120368,1334_chron
2492,60.947020542882306,2492_chron
1258,60.95061925463867,1258_chron
2315,60.95589982049325,2315_chron2
2608,60.95825663191409,2608_acute
1893,60.965065742671875,1893_chron
2306,60.975757281500464,2306_chron
2083,60.99413910747482,2083_chron2
675,60.99735962307605,675_chron
2377,61.006202941783506,2377_chron
1458,61.01066469067822,1458_chron
577,61.01321683018855,577_chron
1493,61.027707505681725,1493_chron2
1973,61.0307811074281,1973_chron
1698,61.03435079721999,1698_chron
1434,61.035104243341735,1434_chron
2141,61.0622353761852,2141_chron2
2287,61.08522684487418,2287_chron
2069,61.08946109011332,2069_chron
2181,61.10350822112735,2181_chron
1455,61.110894290979374,1455_chron
1806,61.11446971634031,1806_chron
2213,61.13013479705269,2213_chron2
570,61.14063487530192,570_chron
1733,61.14663238022172,1733_chron
2467,61.15921967834815,2467_chron2
316,61.16343212290891,316_chron
1881,61.168205564013505,1881_chron
687,61.192107815240036,687_chron
2040,61.19218477033237,2040_chron
1113,61.19953617001154,1113_chron
1548,61.202973282714616,1548_chron
952,61.21147217764617,952_chron
1901,61.21297214605779,1901_chron
341,61.222997691792266,341_chron
2386,61.25778547399778,2386_chron
1393,61.269803569677805,1393_chron
2086,61.27389731796266,2086_chron
1994,61.27508593502806,1994_chron2
2164,61.296113005410916,2164_chron2
2573,61.30185455461828,2573_chron
1870,61.3118559548498,1870_chron
1884,61.31309682543203,1884_chron
2383,61.32321711591076,2383_chron2
1721,61.330397258043774,1721_chron
2392,61.34743601547333,2392_chron2
1167,61.349155717337304,1167_chron
1809,61.35173578144467,1809_chron
2366,61.356980050203205,2366_chron
1422,61.35922118510083,1422_chron
2669,61.36026232322597,2669_acute
1557,61.36853743857063,1557_chron2
2042,61.37089250273028,2042_chron2
2188,61.372021347972044,2188_chron
2525,61.40280702684254,2525_acute2
2193,61.40773138818309,2193_chron
2179,61.41768551559845,2179_chron
2284,61.42518719153616,2284_chron2
1356,61.42523861645633,1356_chron
1342,61.437464235704944,1342_chron
2423,61.44758546357003,2423_chron2
2530,61.453752591532634,2530_chron2
2436,61.457388942533825,2436_chron
2202,61.46426761224078,2202_chron
1593,61.46992712003077,1593_chron
1384,61.47326918354949,1384_chron
1978,61.48063365327716,1978_chron
2028,61.48726135353852,2028_chron
2330,61.48810028574522,2330_chron2
2148,61.49104982716427,2148_chron
1814,61.498555384535024,1814_chron
2587,61.504187868431195,2587_chron
1839,61.51643626849249,1839_chron2
1439,61.52020812648103,1439_chron
2327,61.520930063818064,2327_chron2
2039,61.52322112258307,2039_chron
1668,61.52476760993862,1668_chron2
1041,61.52837836412712,1041_chron2
2176,61.53365965914938,2176_chron
2300,61.534740165764276,2300_chron
1009,61.56700081376652,1009_chron
2561,61.568290848199794,2561_chron2
2051,61.57077355861864,2051_chron2
2571,61.57540036334898,2571_acute
2595,61.57974420090995,2595_chron
2030,61.5894746109271,2030_chron2
1508,61.593872536500236,1508_chron
2584,61.5991130814008,2584_chron
1263,61.59935447930455,1263_chron
716,61.60129843045263,716_chron
922,61.60899278080526,922_chron
896,61.613337598528936,896_chron
2416,61.61459747571268,2416_chron2
1774,61.62138237497674,1774_chron
2674,61.64690743949125,2674_chron
2009,61.650652700523885,2009_chron
1822,61.663425925726365,1822_chron
1985,61.66394732298186,1985_chron
2694,61.6725612688692,2694_chron2
1864,61.673571707879155,1864_chron
2388,61.68300794672327,2388_chron2
2487,61.693580703191586,2487_chron2
1823,61.70010207243004,1823_chron
2704,61.70067485448699,2704_chron
2281,61.706978010108934,2281_chron2
1948,61.714996351638106,1948_chron
218,61.71501959345392,218_chron
1706,61.72878916185817,1706_chron
1693,61.73170208790944,1693_chron
2182,61.73201538952338,2182_chron2
1070,61.73442911980894,1070_chron
489,61.73646447339079,489_chron2
1197,61.747432623686905,1197_chron
1514,61.749640060695015,1514_chron
702,61.75086295753908,702_chron
1998,61.751188899618434,1998_chron
2338,61.75708770430833,2338_chron2
2329,61.779095170136785,2329_chron
2644,61.780011888225886,2644_chron2
2237,61.78381186721224,2237_chron2
2457,61.79130653574416,2457_chron2
1915,61.793390845567735,1915_chron
1960,61.795109843291044,1960_chron
1600,61.80158976635374,1600_chron
2405,61.8112992809147,2405_chron2
919,61.83122448081773,919_chron
302,61.84091833144156,302_chron
2692,61.84403335668679,2692_chron
1636,61.856217367839285,1636_chron2
2709,61.8594853492327,2709_chron
2174,61.871245537437176,2174_chron
2597,61.872526252658915,2597_chron2
1238,61.889864087838426,1238_chron
968,61.89454670236689,968_chron
2486,61.896933744936156,2486_chron
1894,61.90102932289533,1894_chron2
751,61.9043267287463,751_chron
2490,61.90434786949647,2490_chron
648,61.906214532935195,648_chron
1863,61.908789938245306,1863_chron2
2168,61.92218745818061,2168_chron2
1296,61.929184628006226,1296_chron
1306,61.93829897722232,1306_chron
1230,61.9599788246936,1230_chron
609,61.96056903385407,609_chron
2684,61.96383058937765,2684_chron2
853,61.963859493742596,853_chron
2458,61.96601601625736,2458_chron
2550,61.96771722347926,2550_acute
1871,61.97551852254778,1871_chron2
2590,61.979564898187846,2590_chron2
2516,61.99516159146914,2516_chron
2685,62.016762045804306,2685_chron2
1451,62.035679734792495,1451_chron
2261,62.04254235062465,2261_chron
1829,62.0522028272865,1829_chron
2665,62.052516067528565,2665_acute2
845,62.06019207728897,845_chron2
2359,62.06071013783678,2359_chron
2556,62.06245904960301,2556_acute
2406,62.06688024481502,2406_chron
1485,62.07341543557138,1485_chron
1135,62.07461155515326,1135_chron
1568,62.07891869609344,1568_chron
2433,62.07958238716701,2433_chron2
2645,62.07979781611909,2645_chron2
1053,62.08102638896193,1053_chron
1246,62.081777176956095,1246_chron
1490,62.09075305214986,1490_chron
2348,62.092661573946,2348_chron
1909,62.11671562232179,1909_chron
567,62.12439196497833,567_chron
1904,62.13050078474291,1904_chron2
1242,62.13191190140915,1242_chron
2138,62.13299066553726,2138_chron
2554,62.136272497433545,2554_chron
2089,62.15934960808913,2089_chron
1140,62.17796833304268,1140_chron
1350,62.1806224997345,1350_chron
2611,62.19118191155433,2611_chron2
2231,62.198345966046034,2231_chron2
593,62.201408398208955,593_chron
1545,62.207713995276414,1545_chron
1176,62.21117539554771,1176_chron
2289,62.21802233675129,2289_chron2
1473,62.22484077078223,1473_chron
1797,62.25136088055343,1797_chron
2805,62.2673446772954,2805_chron2
1954,62.27192913070753,1954_chron2
1840,62.278741975411656,1840_chron
1144,62.28208508634749,1144_chron
1793,62.282598732782404,1793_chron
1792,62.28698963934589,1792_chron
1939,62.29749540898138,1939_chron
1610,62.297756336141575,1610_chron
2648,62.29792381847005,2648_chron
1281,62.3096175642998,1281_chron
2670,62.31689171372853,2670_chron2
2471,62.32109583429182,2471_chron2
1788,62.32159727351728,1788_chron2
1803,62.32884015723303,1803_chron2
1118,62.33152247201566,1118_chron
2191,62.352275711063676,2191_chron
2484,62.354124877012694,2484_chron2
2500,62.377381146337555,2500_chron2
533,62.377396430332986,533_chron
2411,62.40198022288564,2411_chron
1562,62.40253430177478,1562_chron
2788,62.413334617485425,2788_acute2
2221,62.41361344794985,2221_chron2
1196,62.41878223982413,1196_chron
848,62.42362043821758,848_chron
566,62.426279458264894,566_chron
2114,62.43245767321529,2114_chron
1002,62.43406451378351,1002_chron
1182,62.458333731353456,1182_chron
2581,62.4689309704663,2581_chron2
2093,62.47135640920755,2093_chron
1649,62.47273752597408,1649_chron
2672,62.476017564628,2672_chron
2022,62.48753826929177,2022_chron
2522,62.492322152802714,2522_chron
2355,62.499410545062425,2355_chron
2614,62.506093291551245,2614_chron
1465,62.50644934351399,1465_chron
2167,62.527163559401856,2167_chron
2337,62.52951014592834,2337_chron
1869,62.53112866806342,1869_chron2
2157,62.53170785081759,2157_chron
2812,62.54579024317999,2812_acute
2697,62.5479220955174,2697_acute2
2354,62.553343999171744,2354_chron
2744,62.55927960304101,2744_chron2
1052,62.56620433789066,1052_chron
2610,62.575917096129224,2610_chron
2326,62.577566692092994,2326_chron2
2549,62.58486908915076,2549_chron
2914,62.59612183534869,2914_chron
2593,62.60905192469963,2593_chron
169,62.61569211324742,169_chron
2074,62.620037739731465,2074_chron
2464,62.62889522632657,2464_chron2
2650,62.63122807698735,2650_chron
2559,62.63178752218494,2559_chron2
2252,62.64135756645509,2252_chron
2021,62.64254407819074,2021_chron2
1348,62.644202228921245,1348_chron
1088,62.64509391211473,1088_chron
2449,62.652687470118124,2449_chron2
1484,62.67570839710642,1484_chron
2018,62.67748747133246,2018_chron
1212,62.69046737289913,1212_chron
1585,62.69214067682539,1585_chron
1403,62.704985204066624,1403_chron2
2369,62.70697416785116,2369_chron2
1432,62.70706031425749,1432_chron
2830,62.70972723356982,2830_chron2
2173,62.70998116423424,2173_chron
2699,62.7142648645748,2699_chron2
1801,62.71747867341663,1801_chron
2679,62.739051066960606,2679_chron
2786,62.74295084520442,2786_chron2
2259,62.77511622714494,2259_chron
2424,62.77605101366167,2424_chron2
1748,62.782101458248775,1748_chron2
444,62.78620861141605,444_chron
1922,62.78850945937513,1922_chron
2468,62.79511531256513,2468_chron2
1872,62.80114464713559,1872_chron
905,62.80999955904689,905_chron
1050,62.82011037236395,1050_chron2
1475,62.82734097575089,1475_chron2
133,62.82987246661684,133_chron
1744,62.83240163848465,1744_chron
2175,62.83640432571942,2175_chron
2339,62.84187476046719,2339_chron2
2968,62.84355726119622,2968_acute2
2440,62.85526609065493,2440_chron
2774,62.85651723560446,2774_chron2
2121,62.86310809784051,2121_chron
1928,62.88765973446114,1928_chron
1763,62.89717977808242,1763_chron
1805,62.903577945595394,1805_chron2
1371,62.90378019220983,1371_chron
620,62.90503855395981,620_chron
2631,62.90846992649409,2631_chron
1410,62.91049348272568,1410_chron
1579,62.91648932269311,1579_chron
2321,62.92030792092238,2321_chron
2661,62.92363203466943,2661_chron2
1235,62.93733784074011,1235_chron
2878,62.94521903662915,2878_chron2
906,62.963580019203796,906_chron
2227,62.96616957694955,2227_chron
1749,62.97305734381922,1749_chron
1798,62.98064060284597,1798_chron
2742,62.981082960660714,2742_chron
1827,62.98375616693486,1827_chron
2909,62.986147905558596,2909_chron2
1993,62.99662689614857,1993_chron
2247,63.00880141492076,2247_chron2
770,63.011516639434795,770_chron
879,63.022286050622114,879_chron
2553,63.023760367410524,2553_chron2
2431,63.02724622426939,2431_chron
2099,63.03369820915293,2099_chron
2233,63.041456956789105,2233_chron
2410,63.04267985162534,2410_chron2
2853,63.045344689902066,2853_chron2
2481,63.045927974690336,2481_chron2
2201,63.04614020171193,2201_chron
1252,63.04639884439606,1252_chron
731,63.05987433377945,731_chron
2512,63.06207949772345,2512_chron
1521,63.066216913225496,1521_chron
2576,63.06639010788358,2576_chron
1096,63.07173950717808,1096_chron2
1820,63.081178966426215,1820_chron
1983,63.083815100807676,1983_chron
1692,63.08907718142445,1692_chron
2362,63.09646591724463,2362_chron
2890,63.09702847769409,2890_chron2
2351,63.10160344395505,2351_chron2
2322,63.10585785092033,2322_chron2
2263,63.10630983675942,2263_chron2
1264,63.10859993459925,1264_chron
2664,63.11033398772448,2664_chron2
2187,63.124414189025174,2187_chron2
1970,63.129015357138044,1970_chron
1175,63.13185171199252,1175_chron2
1513,63.141962611935014,1513_chron
1868,63.14781392681356,1868_chron2
2923,63.14792847512886,2923_chron2
2198,63.14930963388682,2198_chron
3078,63.156331853942405,3078_acute2
2725,63.16890423252689,2725_chron
2962,63.17704033093488,2962_chron
1061,63.18186979667381,1061_chron2
2156,63.18372603907804,2156_chron
3011,63.18441355605897,3011_acute2
1107,63.18605569238187,1107_chron
2476,63.189108512950135,2476_chron
2929,63.18995370104181,2929_chron2
2108,63.192160884698886,2108_chron2
2172,63.19229227781431,2172_chron2
2220,63.19446366025651,2220_chron
1699,63.20225042374915,1699_chron
895,63.20916016441634,895_chron
1731,63.21856484383505,1731_chron
2444,63.22664655518436,2444_chron
2545,63.23047398642328,2545_chron2
2129,63.267662635654965,2129_chron
2446,63.275404987818426,2446_chron2
2855,63.275535350475714,2855_chron
1688,63.27976019783312,1688_chron
2223,63.294450132173786,2223_chron
2133,63.29913404062342,2133_chron
2412,63.308431516588286,2412_chron
777,63.30988344807874,777_chron
2180,63.31243955932531,2180_chron
2113,63.328839673239294,2113_chron
2374,63.3392315980238,2374_chron
1353,63.3471683694422,1353_chron
2882,63.35576461808455,2882_chron2
2441,63.35927584996096,2441_chron
2586,63.365527474851625,2586_acute
1570,63.38111703888891,1570_chron
1062,63.3849568026865,1062_chron
466,63.38885166425057,466_chron
1732,63.391530966131945,1732_chron
2409,63.39157575971553,2409_chron2
2911,63.39955186234225,2911_chron
1784,63.41008749951998,1784_chron
2236,63.41231821053143,2236_chron
2698,63.413037781652385,2698_chron
2658,63.41367148375653,2658_chron2
974,63.415499814170495,974_chron
1254,63.41822942014866,1254_chron
1740,63.428623517594694,1740_chron
2749,63.43387011374752,2749_chron
2145,63.45278465963529,2145_chron2
967,63.45561424599057,967_chron
2606,63.459138706693054,2606_chron
2498,63.46061704951362,2498_chron
2320,63.460721606508265,2320_chron
2765,63.48958123232303,2765_chron
1717,63.49474404507395,1717_chron
1917,63.498209367758626,1917_chron2
2505,63.500337998869796,2505_chron2
2763,63.508673772571186,2763_chron2
2057,63.514499090261175,2057_chron
2006,63.51481672549957,2006_chron
1768,63.51977653307904,1768_chron
1174,63.531143061401345,1174_chron
914,63.5340727463078,914_chron
2820,63.535013908831075,2820_chron2
1711,63.54305016752704,1711_chron2
2652,63.55358126194376,2652_chron2
1132,63.55733810441393,1132_chron
2623,63.56162682739396,2623_chron
2045,63.56171418333482,2045_chron
502,63.56494715088161,502_chron2
3127,63.57062266685085,3127_acute
1899,63.58282389219136,1899_chron
1757,63.587294288798354,1757_chron
2288,63.591170959700776,2288_chron
2809,63.5944532364243,2809_chron
1738,63.60102068617772,1738_chron2
2230,63.610340027222406,2230_chron
3128,63.61452579331792,3128_acute2
2937,63.62361478249818,2937_chron2
2840,63.627733452185076,2840_acute
2826,63.65423025306698,2826_chron
2722,63.662289073946184,2722_chron
3056,63.668859062694494,3056_chron
1591,63.67589591595117,1591_chron
2434,63.7099548922952,2434_chron
1842,63.71090671817842,1842_chron2
931,63.71174309585302,931_chron
1211,63.71810145772573,1211_chron
847,63.72910159334803,847_chron
1131,63.73227237995217,1131_chron
1852,63.7417784222941,1852_chron
2839,63.74603440447616,2839_chron
2794,63.75381743079286,2794_chron2
2800,63.76084566171067,2800_chron
786,63.76298938009535,786_chron
1125,63.76505550956252,1125_chron
2736,63.771408020691204,2736_chron
2567,63.782084550064,2567_chron
2770,63.785800746011034,2770_chron2
2643,63.80127035479102,2643_chron
1882,63.806938410964804,1882_chron
1136,63.82419800202592,1136_chron
666,63.82712528146515,666_chron
1145,63.82915418292305,1145_chron
2615,63.830400996415506,2615_chron2
727,63.8443860610667,727_chron
3124,63.84529112447445,3124_chron2
2098,63.84633353062178,2098_chron
2871,63.85367953686569,2871_acute
2061,63.86384833749402,2061_chron2
3123,63.86884728980634,3123_chron2
2344,63.87789176015664,2344_chron
2958,63.88100961083437,2958_chron
2671,63.88693834576713,2671_chron
1671,63.895324264508204,1671_chron2
2161,63.8973908403952,2161_chron2
2780,63.89797934991629,2780_chron2
537,63.90480062983715,537_chron
2773,63.90659706982799,2773_chron
818,63.912753425794335,818_chron
2687,63.91600292095961,2687_chron2
1680,63.92718509519688,1680_chron
1910,63.92979423365753,1910_chron
1614,63.93414055243525,1614_chron
1969,63.93453414735282,1969_chron
1453,63.934682689390385,1453_chron
2731,63.93749069694878,2731_chron2
2169,63.93912592336635,2169_chron
2756,63.94211861639842,2756_chron2
792,63.95781714257987,792_chron
2066,63.96767024007217,2066_chron
3042,63.970834324776405,3042_chron2
2640,63.97348704220783,2640_chron2
1511,63.97969035890777,1511_chron
2077,63.9923768750162,2077_chron
2207,63.999553655545355,2207_chron
1404,64.00378684585091,1404_chron
1855,64.01566422655196,1855_chron
2502,64.02524456856733,2502_chron
557,64.02995879297895,557_chron
2889,64.03343909573128,2889_chron
2523,64.0360418072193,2523_chron
2158,64.03994421862448,2158_chron
2097,64.04651466865235,2097_chron
2956,64.05127673620201,2956_chron2
2901,64.05284730507586,2901_chron2
2777,64.05718975929211,2777_chron2
2896,64.05772285286534,2896_chron2
2772,64.06235645210671,2772_acute2
1425,64.06278778195993,1425_chron
3032,64.07066248940143,3032_chron
1336,64.07610194729872,1336_chron
1127,64.08246903220281,1127_chron
2910,64.08770957468484,2910_chron
2071,64.1062173815215,2071_chron
2503,64.11214832766362,2503_chron
2402,64.11222723038681,2402_chron
3133,64.1193498325244,3133_chron2
2117,64.12430521877076,2117_chron
3113,64.13317693590007,3113_chron
2927,64.13819742645528,2927_chron
3196,64.1422563511254,3196_chron2
2184,64.15410967437325,2184_chron
1771,64.16027962148858,1771_chron
1573,64.16164056417436,1573_chron
3132,64.17358428497738,3132_chron2
970,64.17685942963797,970_chron
2370,64.18653774283997,2370_chron
1073,64.20740315550486,1073_chron
2218,64.20999725178477,2218_chron2
1214,64.21322175106508,1214_chron
2517,64.21357153023918,2517_chron2
2508,64.21541644964796,2508_acute2
1982,64.21756122777548,1982_chron2
2792,64.21917413074159,2792_chron2
2539,64.2258164470631,2539_chron
1321,64.24044470928324,1321_chron
1224,64.2847979107805,1224_chron
2286,64.29944784271856,2286_chron2
1274,64.31653287256731,1274_chron
2325,64.31695502820061,2325_chron2
3020,64.3179406557569,3020_chron
1622,64.32039736754454,1622_chron
2695,64.33482654605152,2695_chron
1352,64.34456568304176,1352_chron
1229,64.34492049302095,1229_chron
1327,64.37409190331249,1327_chron
1888,64.38553549233224,1888_chron
2079,64.38918059425055,2079_chron
2224,64.39711015909415,2224_chron
237,64.40268192244503,237_chron
1643,64.40479208248861,1643_chron
2592,64.4073805537948,2592_chron
2719,64.41112928096153,2719_chron
3254,64.41263837965404,3254_chron2
2667,64.41878656348838,2667_chron2
2438,64.42128863136202,2438_chron
2659,64.42814132789402,2659_chron2
3344,64.42840405969875,3344_chron
3023,64.43239513045064,3023_chron
3106,64.43640882975608,3106_chron
2903,64.43956115083932,2903_chron
2944,64.4438963408401,2944_chron
2591,64.4443906613676,2591_chron
2935,64.44464835297134,2935_chron2
2536,64.45045892526596,2536_chron
1286,64.45200865203057,1286_chron
2162,64.45720907372709,2162_chron
1534,64.46016435281861,1534_chron
3061,64.46422465508165,3061_chron2
3160,64.47113749329645,3160_chron
1502,64.47383799844134,1502_chron
991,64.47467390291861,991_chron
1880,64.47816957607324,1880_chron
1424,64.480674819792,1424_chron
2949,64.48151796348093,2949_chron2
2298,64.48777707043863,2298_chron
2926,64.49459968215324,2926_chron
2902,64.49540857329453,2902_chron
2205,64.49609141584284,2205_chron
730,64.5112600396086,730_chron
955,64.51683498364662,955_chron
688,64.52815044584739,688_chron
2799,64.53398031346435,2799_chron
2341,64.53659851471234,2341_chron2
3282,64.54974832812748,3282_chron2
3356,64.55290855637197,3356_acute2
1858,64.55790105564905,1858_chron2
1301,64.55864366527868,1301_chron
3217,64.56513574146575,3217_chron
1091,64.56820573377246,1091_chron
2834,64.56992838535469,2834_chron
999,64.5700146067214,999_chron
1006,64.58231340177343,1006_chron
3110,64.58242602922485,3110_chron
1275,64.58954894878693,1275_chron
2094,64.58972102288922,2094_chron
1236,64.59261885038349,1236_chron
3075,64.59501322592685,3075_chron2
2562,64.59925095804566,2562_chron
2811,64.60233090542573,2811_chron
1580,64.6032713553393,1580_chron2
3329,64.61939625547139,3329_acute2
2266,64.6226585817,2266_chron2
2552,64.62385372723814,2552_chron
2767,64.6278643845286,2767_chron2
2328,64.62980085531392,2328_chron
2044,64.63379666834612,2044_chron
2955,64.650794278672,2955_chron
2324,64.66010296984099,2324_chron
2817,64.6730428980397,2817_chron2
2829,64.67371496991828,2829_chron2
2115,64.67822660068214,2115_chron
2285,64.67982865188864,2285_chron2
3092,64.6823614722637,3092_chron
3059,64.68487748733375,3059_chron
3240,64.68559454781457,3240_chron
2419,64.69871630123721,2419_chron
1876,64.69953195300083,1876_chron
1576,64.70982472396966,1576_chron
2052,64.7135130931919,2052_chron
1672,64.729459422621,1672_chron
2743,64.73834455285554,2743_chron2
2575,64.76592360899,2575_chron2
3044,64.76677257717763,3044_chron
3192,64.767301825098,3192_chron2
2511,64.77354390089603,2511_chron
2479,64.78581582349719,2479_chron2
3292,64.78603065159265,3292_chron2
3131,64.78899446218757,3131_chron2
1743,64.79310299462503,1743_chron
943,64.79955617058955,943_chron
2520,64.80509232276954,2520_chron
3300,64.80597304647384,3300_chron2
2933,64.81926087506223,2933_chron
1092,64.82176161833708,1092_chron
3176,64.82750905783539,3176_chron2
1524,64.83501125323124,1524_chron
3272,64.84090946625611,3272_chron2
3053,64.84102072695808,3053_chron
3077,64.85017448941005,3077_chron
2673,64.86921991169596,2673_chron
1322,64.88719388090551,1322_chron
3208,64.88786468657342,3208_chron2
2613,64.89607353354344,2613_chron
2365,64.90721580563866,2365_chron2
1929,64.90775112617102,1929_chron
3396,64.90917705922409,3396_chron
3138,64.91126923205698,3138_chron2
3039,64.92322180408848,3039_chron
2947,64.92629481287393,2947_chron2
2642,64.93820560093057,2642_chron
1149,64.93914031600303,1149_chron
375,64.94238350607903,375_chron
1037,64.94488857534674,1037_chron
2838,64.95030288053607,2838_chron
2447,64.95747967039372,2447_chron
2128,64.95908845636792,2128_chron
2874,64.95961238196043,2874_chron
638,64.9611952222767,638_chron
3349,64.96736370722824,3349_chron
2379,64.97152078093995,2379_chron2
2721,64.97664092072125,2721_chron
3414,64.99167424591077,3414_chron2
2003,64.99582779487507,2003_chron
2491,64.99996350944092,2491_chron
591,65.00808312400171,591_chron
1080,65.01274149023887,1080_chron
3045,65.02803348594718,3045_chron
2070,65.03430745198962,2070_chron
3439,65.03451386971369,3439_acute
2257,65.03766531770742,2257_acute2
2262,65.0391215060337,2262_chron
3130,65.03939821164212,3130_chron
2323,65.04162263241976,2323_chron
3321,65.05180368951983,3321_acute2
2638,65.05229157978087,2638_chron
2317,65.0562551702379,2317_chron
2122,65.05764421483737,2122_chron
3441,65.0591473743122,3441_chron
3310,65.06031950719321,3310_acute2
2046,65.06439634617394,2046_chron2
2594,65.0654163369748,2594_chron
2846,65.07095342827202,2846_chron2
2625,65.07563079153088,2625_chron
1515,65.08448040745425,1515_chron
3484,65.08655094565104,3484_acute2
2895,65.08996864856374,2895_chron
1719,65.09550799493499,1719_chron
2426,65.0958914960427,2426_chron
2724,65.09914365005794,2724_chron2
617,65.10618930530516,617_chron2
3157,65.10892371022105,3157_chron
2387,65.11995297917069,2387_chron
1940,65.12202843017876,1940_chron
3228,65.12325707131139,3228_chron2
2260,65.13120735104614,2260_chron
1908,65.14551239626533,1908_chron
2775,65.14969832104319,2775_chron
2762,65.15473210905844,2762_chron
1777,65.17913592543289,1777_chron
2984,65.17971728964223,2984_acute2
2831,65.19086704448725,2831_chron2
2760,65.21907840578162,2760_chron
2400,65.2252062336018,2400_chron
2333,65.23189443138142,2333_chron2
1207,65.24436787106093,1207_chron
3230,65.2500986496437,3230_chron
2908,65.25770338789243,2908_chron
2211,65.25825208827412,2211_chron
1761,65.26537489191627,1761_chron2
2111,65.26616269025398,2111_chron
3090,65.27034701683714,3090_chron
1873,65.27830114253538,1873_chron
2622,65.28164675661868,2622_chron
2091,65.28340770813777,2091_chron
2420,65.28667350135568,2420_chron
1389,65.30525051240592,1389_chron
3358,65.30803529151116,3358_chron2
794,65.31619952182322,794_chron
2919,65.32030197730235,2919_chron
2862,65.32359977148232,2862_chron
3148,65.33073227287201,3148_chron2
2048,65.34268633803921,2048_chron
937,65.34451835346682,937_chron
1339,65.35211540914295,1339_chron
2943,65.35757750059905,2943_chron
3286,65.36534490818882,3286_chron2
2004,65.36576390173002,2004_chron2
2397,65.36674887775322,2397_chron
958,65.36747790018954,958_chron
2912,65.38989336651696,2912_chron
2384,65.40568540847977,2384_chron
3393,65.40799749468466,3393_chron
696,65.41244507842865,696_chron
2428,65.42635538894389,2428_chron
2373,65.42909246644098,2373_chron
661,65.43168756796977,661_chron
1417,65.43851809004744,1417_chron
2766,65.44141411265402,2766_chron
2867,65.44307509170507,2867_chron2
2118,65.46895007400865,2118_chron2
728,65.47360217845021,728_chron
2537,65.47635372970402,2537_chron
2851,65.49337555544128,2851_chron
1854,65.49765312447065,1854_chron
1751,65.49876642569804,1751_chron
3442,65.52329380676731,3442_chron2
3117,65.52977594609223,3117_chron2
2677,65.54250397848818,2677_chron2
3197,65.54511976711657,3197_chron
3004,65.56863853194787,3004_chron2
3142,65.56949704290977,3142_chron2
3246,65.58194125729413,3246_acute2
2332,65.58939671140016,2332_chron
2568,65.59983702954331,2568_chron
481,65.61531039167183,481_chron
2964,65.61957492007852,2964_chron
3382,65.6404956910497,3382_chron2
2928,65.64149397530478,2928_chron
2035,65.65707105750779,2035_chron2
2152,65.65734825353935,2152_chron
2925,65.66355579990412,2925_chron
909,65.66985152352765,909_chron
3256,65.67226608182013,3256_chron
3252,65.67947716287165,3252_chron
2056,65.68249835684321,2056_chron
1638,65.68304213740238,1638_chron
3144,65.68510793018065,3144_chron
2427,65.68699898480381,2427_chron2
3185,65.69708082297083,3185_chron
3277,65.70811704787822,3277_chron2
2706,65.7102547830662,2706_chron
1089,65.71049360119119,1089_chron
2801,65.71897534441092,2801_chron2
3255,65.74455137512479,3255_chron
3376,65.74680229488494,3376_chron2
2482,65.75325118029555,2482_chron
3189,65.75926391774786,3189_chron
2029,65.7658283653276,2029_chron
2501,65.77392183259168,2501_chron
2948,65.78055716234913,2948_chron
3016,65.79828419008935,3016_chron
2274,65.80238141081922,2274_chron
1566,65.81124240107411,1566_chron
3024,65.84319848873034,3024_chron
1507,65.84616999840144,1507_chron
2353,65.84842443730348,2353_chron
3471,65.85010314133402,3471_chron
2997,65.8644311783162,2997_chron
3199,65.86468105572408,3199_chron
3174,65.8659752505505,3174_chron2
2015,65.8674824912476,2015_chron2
3350,65.8806880008423,3350_chron2
3386,65.88913577701186,3386_chron
2507,65.88918899276226,2507_chron
2960,65.89365965228468,2960_chron
2183,65.89418646788197,2183_chron
3388,65.91079464069348,3388_chron2
1645,65.91463384928639,1645_chron
3331,65.91667976573005,3331_chron
1795,65.92657584596907,1795_chron
513,65.93249408217653,513_chron
2816,65.93660413418708,2816_chron
2857,65.94174865142239,2857_chron
3103,65.95847856358152,3103_chron2
3657,65.95965710305697,3657_acute2
2047,65.96227937296027,2047_chron
1995,65.96573391707749,1995_chron
2203,65.96611030716952,2203_chron
2340,65.9829566774933,2340_chron
2461,65.98889975595856,2461_chron
2350,65.99762126814423,2350_chron2
3280,66.00890721553712,3280_chron
2302,66.01033835049383,2302_chron2
1031,66.01345031656503,1031_chron
2336,66.02043423522012,2336_chron
2493,66.02641494449054,2493_chron
3653,66.03368203551493,3653_acute2
1620,66.0377082783852,1620_chron
2753,66.0462445425333,2753_chron
2720,66.05341539341862,2720_chron2
2002,66.07414876600656,2002_chron2
2916,66.08338520244864,2916_chron
2177,66.08549270748739,2177_chron
442,66.09396570575912,442_chron
2971,66.10306689375483,2971_chron
2540,66.10494235042675,2540_chron
2291,66.10516426727186,2291_chron
2609,66.12059917291288,2609_chron2
2822,66.12386550604296,2822_chron
3315,66.1511705912972,3315_chron
594,66.1569170453857,594_chron
1860,66.15834935590557,1860_chron
2813,66.16314393144447,2813_chron2
2543,66.16404880889534,2543_chron
3213,66.16780538484987,3213_chron2
3643,66.16966018272211,3643_acute2
836,66.17089713598172,836_chron
3101,66.17143688498994,3101_chron
1367,66.17586098261371,1367_chron
1856,66.17792737269495,1856_chron
3265,66.17924607471703,3265_chron2
2918,66.17987032325802,2918_chron
2579,66.18391502889361,2579_chron2
2023,66.2040682265363,2023_chron
2832,66.21303267982438,2832_chron
3043,66.21436032310989,3043_chron
1667,66.22123339932891,1667_chron
3370,66.22487901670655,3370_chron
2140,66.22772946971256,2140_chron
240,66.22901989590231,240_chron
2385,66.23104196121841,2385_chron
2524,66.24425119189569,2524_chron
3115,66.2453187254741,3115_chron2
2515,66.24716630249182,2515_chron
2558,66.25469298222141,2558_chron
2588,66.25767660658714,2588_chron
2627,66.26334308403516,2627_chron
1946,66.26738403530844,1946_chron2
3178,66.2746875783125,3178_chron
2897,66.28116199508369,2897_chron
2041,66.28208672511332,2041_chron
2395,66.28985779678169,2395_chron
3459,66.3038278209004,3459_chron2
2885,66.30459941615598,2885_chron
1444,66.30707294277148,1444_chron
2072,66.30926479037988,2072_chron2
2368,66.32081622758258,2368_chron
3236,66.32770929398082,3236_chron
811,66.33215359136557,811_chron
2299,66.33622785318126,2299_chron
2727,66.34210120278802,2727_chron
966,66.3473509054587,966_chron
1612,66.3629993405275,1612_chron
2876,66.3650060232224,2876_chron
2769,66.36519362775783,2769_chron2
3389,66.36520034432846,3389_chron
2888,66.36761296436609,2888_chron
2917,66.3685683028629,2917_chron
3271,66.36958168235667,3271_chron2
2894,66.369646906595,2894_chron
2781,66.37145752679979,2781_chron
1804,66.37694836669644,1804_chron
3626,66.39325964272446,3626_chron
2924,66.39545648319391,2924_chron
1896,66.39676549676342,1896_chron
3654,66.39723296920013,3654_acute2
3324,66.3991272093673,3324_chron
3149,66.40153156953303,3149_chron
3431,66.40711430068168,3431_chron
3139,66.45012685321068,3139_chron
2564,66.45323256086002,2564_chron
2104,66.4642027785245,2104_chron
3143,66.47867839014134,3143_chron2
2880,66.48912338235068,2880_chron2
1024,66.51233857561955,1024_chron
3544,66.51858553578768,3544_chron2
3125,66.51964285949954,3125_chron2
3631,66.52332146717168,3631_chron2
3170,66.52365473794846,3170_chron
3155,66.5379339733658,3155_chron2
1931,66.54526074090224,1931_chron
3475,66.55022466749008,3475_chron
2824,66.55193960422802,2824_chron2
3556,66.55323152544696,3556_acute
415,66.55673942068827,415_chron
1816,66.58421197237762,1816_chron
3266,66.58981924060326,3266_chron
1703,66.59617462616632,1703_chron
2779,66.60373226883556,2779_chron2
3534,66.61498902349288,3534_chron2
2403,66.64780732436202,2403_chron
3307,66.64815331880509,3307_chron2
2969,66.6533769360186,2969_chron
3430,66.65716048222737,3430_chron
1780,66.66778740332265,1780_chron
2514,66.68135305252048,2514_chron2
3368,66.68435949875129,3368_chron
3729,66.6857433638538,3729_chron2
3200,66.68896205460662,3200_chron
2429,66.69636997506791,2429_chron2
1153,66.70256202871647,1153_chron
3054,66.70689072036993,3054_chron
3588,66.7079332983717,3588_chron2
2905,66.71592268462162,2905_chron
1812,66.72613590960744,1812_chron
3293,66.73697758914325,3293_chron2
3141,66.74879362271321,3141_chron2
1865,66.75135596894471,1865_chron
2870,66.76328029470723,2870_chron
3259,66.78095364697657,3259_chron2
2649,66.7844818969893,2649_chron
2804,66.78637027459746,2804_chron
3438,66.78766222398616,3438_chron
1299,66.78907937947278,1299_chron
2716,66.80227276149915,2716_chron
2843,66.80366920953904,2843_chron
1213,66.8104143122493,1213_chron
2439,66.82448025020139,2439_chron
2417,66.83632186721073,2417_chron
3559,66.83948696994055,3559_chron
2273,66.8450862466874,2273_chron
1421,66.86619126163446,1421_chron
3241,66.86631849778234,3241_chron
1366,66.86859651054462,1366_chron
3221,66.86940490818144,3221_chron
3452,66.88430588237047,3452_chron
571,66.88754776329515,571_chron
2124,66.88999599172857,2124_chron
2192,66.89135581491549,2192_chron
2641,66.8934353088282,2641_chron
1926,66.90008611162229,1926_chron
3202,66.90082275155864,3202_chron2
2276,66.9021569590785,2276_chron
2513,66.90315627324601,2513_chron
3225,66.90597713876663,3225_chron
1134,66.92217681562805,1134_chron
3223,66.93849288092018,3223_chron2
1607,66.9389105816909,1607_chron
2546,66.94562498105208,2546_chron
1821,66.95000748130698,1821_chron
3322,66.95752935222794,3322_chron
2394,66.96940160012512,2394_chron
2076,66.98231641420494,2076_chron2
3528,66.98590892122373,3528_chron2
3636,66.99870009538937,3636_acute
3601,66.99903426570154,3601_chron2
3679,67.00836384016485,3679_chron2
3159,67.0232535089141,3159_chron
2603,67.03009895690901,2603_chron
3714,67.03593213434573,3714_acute2
3222,67.03636776355626,3222_chron
2733,67.03790779051313,2733_chron2
3777,67.05231536279751,3777_chron2
1043,67.05331076027402,1043_chron
3747,67.05438444034745,3747_chron
3868,67.05458525022684,3868_acute2
2884,67.06381045326124,2884_chron
2050,67.07162739914865,2050_chron
2600,67.07919036380208,2600_chron
2746,67.08126256972658,2746_chron
2612,67.08246348818331,2612_chron
3455,67.0831842486953,3455_chron
3469,67.08653950724545,3469_chron
2759,67.08721484088272,2759_chron
2904,67.08740721044808,2904_chron2
3525,67.09145772959693,3525_chron
2819,67.09523885830671,2819_chron
3374,67.09718592984703,3374_chron
3474,67.10458493706516,3474_chron
3603,67.10963266357378,3603_chron
3184,67.11534351789686,3184_chron
3550,67.11912654933812,3550_chron2
3572,67.1198039254384,3572_chron2
3506,67.13027875402663,3506_chron2
3798,67.13182004539706,3798_chron
3191,67.13410550925208,3191_chron
2732,67.14053094106234,2732_chron
2165,67.1423805664174,2165_chron
2764,67.14324205969484,2764_chron2
2102,67.14530739757592,2102_chron
839,67.15019651355031,839_chron
3748,67.15710718852183,3748_acute2
3468,67.18320667124495,3468_chron
3609,67.19357423294635,3609_chron
3660,67.1936160173739,3660_chron
3512,67.20082282628091,3512_chron
606,67.21104182000938,606_chron
3087,67.21367761191222,3087_chron2
3298,67.2154896687609,3298_chron
2734,67.21592086052834,2734_chron
1815,67.21683091398027,1815_chron
3611,67.21687808698437,3611_chron
1318,67.2222009351862,1318_chron
3795,67.23525894664459,3795_chron
2976,67.2383651345985,2976_chron2
2084,67.24337675029355,2084_chron
2519,67.24384314387359,2519_chron
3012,67.24400441612929,3012_chron
3805,67.24737751744166,3805_acute2
2408,67.24937588783766,2408_chron
2475,67.25516596095109,2475_chron
2452,67.26151611049713,2452_chron
3171,67.26837969173256,3171_chron2
2551,67.27075677481523,2551_chron
3700,67.27158155844954,3700_chron2
3094,67.27482708150978,3094_chron
546,67.2755715111976,546_chron
2750,67.27874488197658,2750_chron2
3830,67.29245097894213,3830_acute
3145,67.31427169236713,3145_chron
2250,67.31857956544651,2250_chron2
24,67.33675511064781,24_chron
3753,67.34070721491473,3753_chron
2728,67.34636001940716,2728_chron2
3239,67.35132155544446,3239_chron
1770,67.35236343968211,1770_chron
2748,67.35295883198849,2748_chron
3600,67.36434501419525,3600_chron
2726,67.36700671506055,2726_chron
3733,67.37532839525848,3733_chron2
789,67.37664234605106,789_chron
3385,67.38049219956865,3385_chron
2739,67.3821437059444,2739_chron2
1003,67.38932277827908,1003_chron2
1221,67.38996183067655,1221_chron
1959,67.39050630270725,1959_chron
3089,67.39189175621338,3089_chron
2020,67.39472530114354,2020_chron
3048,67.4027230761696,3048_chron
3523,67.40837566918144,3523_chron2
2629,67.41012292137,2629_chron
3423,67.41050403560129,3423_chron2
3419,67.41121058111538,3419_chron
1630,67.42004200764076,1630_chron
2833,67.42249897662876,2833_chron2
1900,67.427188972395,1900_chron
1565,67.43735502305385,1565_chron
1966,67.44033516562449,1966_chron
3582,67.45260678010372,3582_chron
1664,67.46376080937264,1664_chron
3818,67.47274121359172,3818_chron
2483,67.47846009383517,2483_chron
2335,67.49392739299935,2335_chron2
2988,67.50484135850373,2988_chron
3485,67.50681126432099,3485_chron2
3033,67.52493486589394,3033_chron2
1618,67.53202260046696,1618_chron
3122,67.53681731999994,3122_chron
1691,67.53862290353621,1691_chron
3267,67.54031305122012,3267_chron2
2146,67.54466991793021,2146_chron
596,67.5502236156424,596_chron
3837,67.55383595068007,3837_chron2
3204,67.55760379831568,3204_chron2
3373,67.55778649741323,3373_chron
1677,67.57626081398665,1677_chron
3447,67.5812435221176,3447_chron
3378,67.58199438618293,3378_chron
2616,67.58515013455421,2616_chron
921,67.59346835044177,921_chron
3183,67.59813558162462,3183_chron
3366,67.60274696865525,3366_chron2
2655,67.60524052725147,2655_chron
3364,67.61252018699344,3364_chron
2761,67.61276367209526,2761_chron
1283,67.61298241264565,1283_chron
1810,67.6211186697904,1810_chron
3074,67.62124121886798,3074_chron
2253,67.62125146958932,2253_chron
3684,67.62283738045188,3684_chron
3201,67.62603660966285,3201_chron2
2380,67.62630106262858,2380_chron
1523,67.62670117398227,1523_chron
3289,67.62719364380567,3289_chron
3755,67.63570847054223,3755_chron
1992,67.64255549652329,1992_chron
2294,67.6488368717792,2294_chron
3210,67.65056748789947,3210_chron
2879,67.65120806037797,2879_chron
3699,67.65776889322436,3699_chron2
3156,67.66322189953335,3156_chron
3854,67.66451128033287,3854_chron2
1623,67.66569409686502,1623_chron
2319,67.66621896684963,2319_chron
3567,67.67443668968218,3567_chron2
2825,67.67570960605542,2825_chron
3822,67.68027169480447,3822_chron
2921,67.6817874644369,2921_chron
2787,67.69080578202028,2787_chron
3808,67.69746403043169,3808_chron2
3712,67.70444573045808,3712_chron
3635,67.70689176907234,3635_chron
2785,67.7150492946082,2785_chron2
4054,67.7289246690036,4054_chron2
3432,67.73572521385549,3432_chron2
3177,67.73713613274703,3177_chron2
2275,67.74118466453163,2275_chron
2663,67.74177311294274,2663_chron
1675,67.74444233628168,1675_chron
3586,67.7479112428801,3586_chron2
3263,67.7575056925846,3263_chron
2675,67.75771633892371,2675_chron
2485,67.75990494727931,2485_chron
2957,67.76144761034958,2957_chron2
2624,67.7629968755693,2624_chron2
3313,67.76670205750945,3313_chron
2398,67.77104503628475,2398_chron2
2991,67.77559967553869,2991_chron
3888,67.78341279983712,3888_chron2
3234,67.7835882065449,3234_chron2
2859,67.79319389292064,2859_chron2
2784,67.80893998220607,2784_chron
3161,67.81235050552667,3161_chron2
2689,67.82591498310906,2689_chron
2803,67.82737521444783,2803_chron
3411,67.83742758932058,3411_chron2
3898,67.84184123375215,3898_chron
3335,67.85005041532133,3335_chron2
3057,67.85031066702403,3057_chron
1297,67.85064425285552,1297_chron
3901,67.85725876498002,3901_chron
3527,67.85792778717817,3527_chron
3650,67.85908121368573,3650_acute
3939,67.86302813672359,3939_chron2
2346,67.86920711720471,2346_chron
2489,67.87884998088018,2489_chron
1497,67.88632848267328,1497_chron
1942,67.89247293034981,1942_chron
2025,67.89612880362603,2025_chron
3685,67.89713014591435,3685_chron2
3309,67.90087740949335,3309_chron
1754,67.90555474473673,1754_chron
3030,67.90703629790815,3030_chron
1659,67.91178294920415,1659_chron
1529,67.91598926402355,1529_chron
1938,67.92282563922878,1938_chron
3844,67.92591880767509,3844_chron2
2939,67.92737012242372,2939_chron
3348,67.93568983795475,3348_chron
2806,67.94438637038397,2806_chron
3285,67.9453939730159,3285_chron
2967,67.9508702430664,2967_chron
3797,67.96016612619825,3797_chron2
3616,67.9607036800489,3616_chron
2542,67.96117078785613,2542_chron2
2583,67.9612514362295,2583_chron
3010,67.97720976906992,3010_chron
2807,67.97925078853842,2807_chron
2963,67.97954267223156,2963_chron
2802,67.9796089794457,2802_chron
3974,67.97984091482908,3974_chron2
1563,67.98140620806971,1563_chron
3413,67.9943027109709,3413_chron2
1537,68.00251696685879,1537_chron
3440,68.01022481167577,3440_chron
2626,68.01190428103914,2626_chron2
2972,68.01467982843232,2972_chron
3674,68.03250643114298,3674_chron
3462,68.03390218748385,3462_chron2
925,68.04289361008642,925_chron
3972,68.05109945503276,3972_chron
2364,68.05220320261337,2364_chron2
605,68.05583030936661,605_chron
2718,68.06214597712025,2718_chron2
3367,68.06292140597171,3367_chron2
2601,68.0789729796938,2601_chron
3758,68.08603788488864,3758_chron
1120,68.08789255651567,1120_chron
3079,68.09043836320514,3079_chron2
2019,68.09757805410864,2019_chron
3976,68.0998296259181,3976_acute2
3278,68.10977989872721,3278_chron
2865,68.11652376862574,2865_chron
601,68.13533634169242,601_chron
1690,68.1359472925022,1690_chron
3353,68.13867622924988,3353_chron
3709,68.1479709178392,3709_chron
3715,68.15139063685587,3715_chron
865,68.16066692994428,865_chron
3971,68.16185791025778,3971_chron
2789,68.18490915342727,2789_chron
3980,68.18571592552433,3980_chron
4020,68.19343387615761,4020_chron2
3864,68.19344968267305,3864_chron
3181,68.1969205222492,3181_chron
3545,68.21169765656362,3545_chron2
3333,68.21276420308362,3333_chron2
1592,68.21547921604697,1592_chron
3960,68.2177840125749,3960_chron
3930,68.23733174856433,3930_chron
3478,68.2375797826323,3478_chron
2639,68.25447270984893,2639_chron
653,68.2547047958858,653_chron
3908,68.255800947399,3908_chron2
3782,68.2619509050773,3782_chron
3680,68.26232115241505,3680_chron
3734,68.26324501795736,3734_chron2
3520,68.26658886653358,3520_chron2
3182,68.26742474003709,3182_chron
977,68.26829387741518,977_chron
3116,68.26919998444401,3116_chron2
3069,68.27968812227125,3069_chron2
4003,68.28958983832428,4003_chron2
2555,68.29076384709083,2555_chron
3515,68.29123934378057,3515_chron2
3651,68.29303125862745,3651_chron2
3399,68.29385772022195,3399_chron2
2393,68.29975588230131,2393_chron
3569,68.30783459075546,3569_chron2
1225,68.31317044250143,1225_chron
1867,68.32045181188062,1867_chron
3319,68.32745914074174,3319_chron
2096,68.34275038274549,2096_chron
2854,68.34384893088858,2854_chron2
3362,68.34639021799582,3362_chron
2686,68.34926320299562,2686_chron
3172,68.34967935048013,3172_chron2
3576,68.3498630157952,3576_chron
1262,68.35651892191298,1262_chron
4151,68.35822305187469,4151_acute
2375,68.36723412951014,2375_chron
3672,68.36765066395095,3672_chron
3521,68.37120225076629,3521_chron
4044,68.37561640928514,4044_acute
3639,68.37844941549308,3639_chron
3150,68.38272188305343,3150_chron
3725,68.39880790548118,3725_acute2
2841,68.40281855406839,2841_chron
3809,68.40629105171553,3809_chron
3560,68.40635996455701,3560_chron2
3621,68.41851189545423,3621_chron2
3620,68.42024886052891,3620_chron
3351,68.42846415086773,3351_chron
2619,68.43327150926778,2619_chron
3800,68.46527099999221,3800_chron
2852,68.47267815564541,2852_chron
2821,68.47564028536378,2821_chron2
2814,68.48935567935867,2814_chron2
1377,68.48950110078475,1377_chron
3390,68.48992499353966,3390_chron
3565,68.49111382878705,3565_chron
4069,68.49114736281925,4069_acute2
3311,68.49295848847287,3311_chron
4143,68.49324061366399,4143_acute2
4126,68.51029649904781,4126_acute
3203,68.51628926675042,3203_chron
3915,68.518751197466,3915_acute2
1105,68.51979716390618,1105_chron
834,68.52065245567238,834_chron
2995,68.52074150589576,2995_chron2
2494,68.52657313271617,2494_chron
3175,68.52975200734082,3175_chron
1428,68.53314421397364,1428_chron
1509,68.53932983907576,1509_chron
3026,68.53978101428832,3026_chron2
3958,68.55098396536066,3958_chron
3897,68.5534238537904,3897_chron2
3922,68.56239438653532,3922_chron
4219,68.56574796083727,4219_chron2
4166,68.56685906256159,4166_acute
2031,68.5677630516926,2031_chron
1652,68.56845150106902,1652_chron
3691,68.58160461540541,3691_chron
3456,68.58163771575862,3456_chron
2269,68.5865459118303,2269_chron
3275,68.59051147159185,3275_chron
3949,68.59619331511772,3949_chron2
2378,68.60517274586418,2378_chron
3476,68.61578689305506,3476_chron
3517,68.62379925296935,3517_chron
4153,68.62941846764829,4153_acute
3022,68.63124410062825,3022_chron
2920,68.63354655072757,2920_chron2
2861,68.63761413869996,2861_chron
354,68.6403607909336,354_chron
843,68.64107505660033,843_chron
3895,68.6465927554556,3895_chron
1360,68.65892548608856,1360_chron
3232,68.66370216331634,3232_chron
2654,68.67138914757524,2654_chron2
2116,68.67406648753598,2116_chron
3986,68.67594255499692,3986_chron2
2401,68.68088260989816,2401_chron2
3589,68.68268443919341,3589_chron
2422,68.68807042360078,2422_chron
2535,68.70009956053545,2535_chron
3966,68.71206708579726,3966_chron
3041,68.7243482565099,3041_chron
3863,68.72594237992156,3863_chron
3091,68.72726161110978,3091_chron
3831,68.73077893509475,3831_chron2
3480,68.73233496630564,3480_chron
3801,68.73890914410738,3801_chron
3936,68.74810916758004,3936_chron
2544,68.76070523048284,2544_chron2
3804,68.76472248231283,3804_chron2
2738,68.7649562015833,2738_chron
3111,68.76843965133119,3111_chron
2782,68.76944452623762,2782_chron
1941,68.7730522324464,1941_chron
3126,68.77333152789645,3126_chron2
1682,68.77359553439801,1682_chron
2845,68.77726476381861,2845_chron
3006,68.77783721152663,3006_chron
2691,68.78034797221765,2691_chron
4203,68.78998088234896,4203_acute
3397,68.8059009373373,3397_chron
2651,68.80667593718894,2651_chron
3050,68.80672304619239,3050_chron
3836,68.81019825649489,3836_acute2
3706,68.811352039108,3706_chron
3421,68.8137554317509,3421_chron
3945,68.81440264349457,3945_chron2
1195,68.81510311936236,1195_chron
3743,68.81591756007356,3743_chron2
1835,68.81863989470506,1835_chron
3792,68.82915921670829,3792_chron
3606,68.82958759805302,3606_chron
3193,68.83970888636763,3193_chron
3675,68.84555462866085,3675_chron
2448,68.8571378307615,2448_chron
2954,68.86212985581432,2954_chron
2534,68.86566426325498,2534_chron
3231,68.87229009578357,3231_chron
1955,68.87290951991923,1955_chron
3634,68.87671435825638,3634_chron
3140,68.87674165142687,3140_chron
4167,68.88173697302594,4167_chron
3066,68.88529231253429,3066_chron
618,68.89772889552152,618_chron
3499,68.917457974377,3499_chron2
3673,68.9277828385345,3673_chron
3757,68.9317029343183,3757_chron2
1102,68.93896213772598,1102_chron
2235,68.94335593385175,2235_chron
1232,68.94912891764598,1232_chron
3253,68.95301415724418,3253_chron
2529,68.95530081169461,2529_chron2
2723,68.95866078123987,2723_chron
4105,68.97889469948892,4105_acute
3719,68.98032248848968,3719_chron
3988,68.98276474769548,3988_chron2
4080,68.98938425152436,4080_chron2
3708,68.9924730658875,3708_chron2
3543,68.99533546436705,3543_chron2
2531,68.99654926616614,2531_chron
3220,69.0064516507916,3220_chron
915,69.00722690996793,915_chron
3404,69.00900658306696,3404_chron
2810,69.00917054286894,2810_chron2
3629,69.01444620803915,3629_chron
1203,69.0163222031954,1203_chron
930,69.01702087743502,930_chron
3877,69.01929573368876,3877_chron2
1293,69.02248943860684,1293_chron
3537,69.02333107170351,3537_chron2
1148,69.02704601800767,1148_chron
3169,69.04165792727575,3169_chron2
3889,69.04954798947485,3889_chron
1501,69.0500428891489,1501_chron
3619,69.05034563778112,3619_acute2
4307,69.05329168719742,4307_chron
1979,69.05498963782432,1979_chron
3973,69.05530591123033,3973_chron2
3858,69.07375745996796,3858_chron
4364,69.08019563666348,4364_acute
4302,69.08232259192916,4302_chron2
3235,69.08349706420111,3235_chron
3049,69.09307999047522,3049_chron
2499,69.09547131840978,2499_chron
3573,69.1045795063715,3573_chron2
2938,69.11291710493212,2938_chron
3842,69.11450811018825,3842_chron
2068,69.14049311898587,2068_chron
2693,69.1412864364412,2693_chron
3392,69.14479439140555,3392_chron
4108,69.14526627966482,4108_chron
3494,69.15320224116917,3494_chron2
3273,69.16046312559276,3273_chron
3678,69.1638537968294,3678_chron
3983,69.17421620829396,3983_chron2
2450,69.1826570184767,2450_chron
363,69.18995694678942,363_chron
1965,69.19281368032587,1965_chron
3435,69.1928379405583,3435_chron2
2415,69.2165880280236,2415_chron
3817,69.22778264233091,3817_chron
4392,69.23109026982722,4392_acute
1046,69.23179069895465,1046_chron
3564,69.23211374575399,3564_chron2
4174,69.23321751868436,4174_acute
4215,69.23479629087811,4215_acute2
4007,69.23774638097053,4007_chron2
3663,69.24084669803608,3663_chron
4096,69.24378533765851,4096_chron
4005,69.25081561587074,4005_chron2
3328,69.25381920726184,3328_chron
2272,69.25501871214857,2272_chron
3670,69.25727009689143,3670_chron2
3407,69.26125440667914,3407_chron
3883,69.28339444224514,3883_chron2
3916,69.28558374144967,3916_chron
3028,69.28843554340418,3028_chron
3704,69.293764740928,3704_chron
4250,69.2997763865847,4250_chron
2007,69.29982482000085,2007_chron
443,69.30622172487747,443_chron
4002,69.31971415509675,4002_chron
3778,69.32560774568758,3778_chron
2849,69.33505150798368,2849_chron
3526,69.34515709247232,3526_chron2
3961,69.35600312222125,3961_chron
3105,69.36993186115735,3105_chron
4299,69.37326235424264,4299_chron2
3162,69.38790776274699,3162_chron
3136,69.39831965621656,3136_chron
3516,69.40026478661453,3516_chron
3086,69.40596381725705,3086_chron
2459,69.40847452675379,2459_chron
4156,69.41414907227839,4156_chron
2898,69.41440732859127,2898_chron
2064,69.41598614460375,2064_chron
3694,69.41610277853955,3694_chron
2219,69.44577445695683,2219_chron
2986,69.45769956459682,2986_chron
3167,69.45999887653316,3167_chron
1708,69.46150728318113,1708_chron
2635,69.46304803221719,2635_chron
2239,69.46457854957566,2239_chron
1725,69.46640661040567,1725_chron
2630,69.48237198337384,2630_chron
4411,69.48539452554928,4411_chron
1504,69.48839188161081,1504_chron
3135,69.49734224059193,3135_chron
3630,69.52080185577745,3630_chron2
4145,69.52101811866453,4145_chron
1382,69.52553033382985,1382_chron
4076,69.52769136957902,4076_chron
2707,69.53195027501742,2707_chron
3583,69.53434892315198,3583_chron
1656,69.54623241698287,1656_chron
4058,69.5639275005935,4058_chron2
2680,69.56912745588723,2680_chron
3839,69.57728827632026,3839_chron
2980,69.57766032080048,2980_chron2
4342,69.59871353711175,4342_chron
3454,69.59896600355313,3454_chron
4033,69.60451282840071,4033_chron2
669,69.60520869212365,669_chron
3114,69.60683376646448,3114_chron
3703,69.60773162429383,3703_chron
2389,69.6083461279499,2389_chron
2376,69.61580185251451,2376_chron
3788,69.61734305605903,3788_chron
2891,69.61761136614638,2891_chron2
4000,69.62052106509374,4000_chron
4223,69.6265601431779,4223_chron
3508,69.6267622663699,3508_chron2
3375,69.62944321713354,3375_chron2
2808,69.63728570864093,2808_chron
2776,69.64684752808245,2776_chron
3952,69.65573196830894,3952_chron2
4336,69.66918740371663,4336_chron2
578,69.66978801521105,578_chron
2668,69.67273839181601,2668_chron
4301,69.67334932101798,4301_chron
2836,69.67422133645286,2836_chron
3658,69.6819479204682,3658_chron
4177,69.68479282165812,4177_chron2
1681,69.68527840403677,1681_chron
3780,69.69027544089663,3780_chron
2703,69.70086241748996,2703_chron
4326,69.70622092188991,4326_chron
3546,69.70624817149499,3546_chron
3847,69.72407514930211,3847_chron
3104,69.72629723448703,3104_chron
3566,69.72902805470632,3566_chron2
3326,69.7336784025375,3326_chron
3668,69.73747800834626,3668_chron2
2758,69.73937616939766,2758_chron2
3188,69.74073257063881,3188_chron
2189,69.7517550101928,2189_chron
3377,69.7537372114236,3377_chron
1200,69.76701861577907,1200_chron
3352,69.78053152352139,3352_chron
4389,69.78171283743474,4389_chron2
2495,69.78737884863214,2495_chron
3261,69.79231485192798,3261_chron
3925,69.79282092663375,3925_chron
4241,69.80489662932604,4241_acute
3655,69.80620182263118,3655_chron
3355,69.80713888138976,3355_chron
3866,69.80985037127041,3866_chron2
3316,69.81486831187824,3316_chron
2103,69.82961508706273,2103_chron
3853,69.82982206109504,3853_chron
4306,69.83555994015768,4306_chron2
1559,69.8403591688166,1559_chron
4284,69.84760800684695,4284_acute
3524,69.85612294105715,3524_chron
3151,69.86183452624373,3151_chron
2942,69.86832642375748,2942_chron
3283,69.86902101356036,3283_chron
1616,69.88725128468485,1616_chron
3641,69.89616855788509,3641_chron2
3492,69.89855798619872,3492_chron
2095,69.89994263607989,2095_chron
3002,69.90446434145282,3002_chron
2533,69.90893792582347,2533_chron
3821,69.91191000781507,3821_chron
3813,69.91498867819354,3813_chron
4386,69.9254624275052,4386_chron2
2795,69.93668243851181,2795_chron
4138,69.94326499844327,4138_chron2
4164,69.94600732407766,4164_chron2
3168,69.95861123842859,3168_chron2
4031,69.95902593014367,4031_chron
3975,69.95931286503902,3975_chron2
3244,69.96238919689769,3244_chron
2277,69.98558391973125,2277_chron
1902,69.99294917180787,1902_chron2
3647,69.99316476906671,3647_chron
4385,70.00254025042412,4385_chron2
3914,70.00323043260393,3914_chron2
3084,70.004042982708,3084_chron2
4111,70.0060576201458,4111_chron2
1204,70.009107655647,1204_chron
2131,70.01243470151879,2131_chron
1742,70.01244541972467,1742_chron
2572,70.0169790515845,2572_chron
3180,70.01973502341279,3180_chron2
3395,70.03050237421117,3395_chron
4493,70.03345550180546,4493_acute2
2589,70.04216027017647,2589_chron
3860,70.04863671569473,3860_chron
3592,70.05369171538518,3592_chron
1935,70.05607017918234,1935_chron
3790,70.06342373995746,3790_chron2
4123,70.06545340647348,4123_chron
4343,70.07135637459736,4343_chron
1879,70.07197072174007,1879_chron
3882,70.07815306891511,3882_chron
3765,70.09214177428073,3765_chron
2271,70.11805326951408,2271_chron
3332,70.1218399407053,3332_chron
3245,70.12418766916139,3245_chron
3009,70.1379555041129,3009_chron
4381,70.1463157411624,4381_chron2
4470,70.14839723652793,4470_acute2
4204,70.14852794355781,4204_chron2
3756,70.15645323397183,3756_chron
3577,70.15776632808928,3577_chron
2245,70.16118039309578,2245_chron
3751,70.16150609829661,3751_chron
1320,70.1621058290445,1320_chron
2144,70.17235605186514,2144_chron
2978,70.17659827296573,2978_chron
4501,70.18070750603292,4501_chron2
2881,70.1850773487151,2881_chron
3887,70.18693762693593,3887_chron2
3505,70.18829328559895,3505_chron
4063,70.18939184460704,4063_chron
3613,70.19050995602444,3613_chron
2848,70.19140466607367,2848_chron
3340,70.21138622740163,3340_chron
4132,70.21902398846738,4132_chron
2992,70.21990976336204,2992_chron2
3967,70.2233523537919,3967_chron2
3909,70.22475761853336,3909_chron
3683,70.22537984358328,3683_chron
3483,70.22830178583115,3483_chron
4234,70.23231625239333,4234_chron
4591,70.23720975268904,4591_acute
3770,70.26074399996115,3770_chron
1796,70.26173189706569,1796_chron
2907,70.2733982372918,2907_chron
2352,70.27448430120268,2352_chron
2413,70.28030009309818,2413_chron
3713,70.28388995573198,3713_chron
3902,70.29190864267228,3902_chron2
982,70.29665892536441,982_chron
4008,70.3055187205965,4008_chron
4277,70.31269948720043,4277_chron2
2751,70.32010456492252,2751_chron
3034,70.3218057672808,3034_chron
4576,70.32310436576125,4576_chron2
4439,70.32397054713348,4439_chron
1199,70.32983192980976,1199_chron
2139,70.3315368718894,2139_chron
3446,70.33487615456602,3446_chron2
1255,70.34520291394959,1255_chron
1818,70.34817269256867,1818_chron
846,70.35320136650854,846_chron
1956,70.35918414703212,1956_chron
3965,70.36043684054046,3965_chron
1678,70.3671725784825,1678_chron
4071,70.37346629418295,4071_chron2
3019,70.37613354026001,3019_chron
3873,70.37840472919643,3873_chron2
1267,70.39550342267604,1267_chron
4212,70.4010667455835,4212_chron
4500,70.40147347854372,4500_chron
4335,70.40702757223832,4335_chron
3666,70.41287835414789,3666_chron
3461,70.41571605842465,3461_chron
4371,70.4190014275308,4371_chron
3154,70.42530923528514,3154_chron
2893,70.43497920332715,2893_chron
2657,70.43508933337947,2657_chron
3179,70.44689352607851,3179_chron
3463,70.45034157164794,3463_chron
3998,70.45473619229853,3998_chron
3587,70.460868302359,3587_chron
4334,70.47186258555962,4334_chron2
1287,70.48745449746814,1287_chron
4469,70.490612146352,4469_chron2
1937,70.49435807307974,1937_chron
4262,70.4946743741242,4262_chron
3969,70.49484536618267,3969_chron
3338,70.49991165907134,3338_chron2
2462,70.50052157692019,2462_chron
598,70.50515694981122,598_chron
3774,70.50625455335046,3774_chron2
4182,70.52680388531363,4182_chron2
2866,70.5293837650202,2866_chron
2700,70.53673797352704,2700_chron
4557,70.53729418817426,4557_chron2
1223,70.54331415435448,1223_chron
3425,70.55105249535497,3425_chron
3903,70.55175001224137,3903_chron
1700,70.55559114917205,1700_chron
4529,70.57551684259339,4529_chron2
4323,70.57564068080991,4323_chron2
4279,70.58245837732873,4279_chron2
2455,70.59008392732115,2455_chron
2985,70.59141087786357,2985_chron2
3098,70.59214598308733,3098_chron2
4061,70.59821398628634,4061_chron
3851,70.60585163168155,3851_chron
1194,70.60784939437215,1194_chron
4103,70.60869454495814,4103_acute
2585,70.60885846510472,2585_chron
4441,70.6126176485307,4441_chron2
3437,70.61454286247273,3437_chron
4457,70.61669925856674,4457_chron2
959,70.63030018865346,959_chron
4644,70.63457648558186,4644_acute2
3702,70.64186670839376,3702_chron2
2951,70.6443222836128,2951_chron
2844,70.64604127986698,2844_chron
4322,70.647760429356,4322_chron
2226,70.65142908902477,2226_chron2
3942,70.6515111314941,3942_chron
2676,70.6526073663842,2676_chron2
3473,70.65545284539986,3473_chron
3929,70.65982500370163,3929_chron
3724,70.66625221785495,3724_chron
1704,70.66771358440815,1704_chron
4040,70.66973920040859,4040_chron
4110,70.67034129741613,4110_chron
1654,70.67720531927257,1654_chron
4011,70.67902065460298,4011_chron2
1673,70.68876851283935,1673_chron
3519,70.6931531885984,3519_chron
2246,70.70446009334644,2246_chron
4313,70.7107410382285,4313_chron2
3862,70.71659193951372,3862_chron2
4565,70.72524636456794,4565_acute2
4267,70.73002558192265,4267_chron2
3190,70.738311662749,3190_chron
2656,70.74731208718876,2656_chron
3686,70.74796675315362,3686_chron
2696,70.7538011639672,2696_chron
4019,70.75441689635733,4019_chron
3025,70.76349450346804,3025_chron
2527,70.7692182832659,2527_chron
3921,70.77469396767582,3921_chron
2034,70.78085825944841,2034_chron
3472,70.7809042623162,3472_chron
4093,70.79047108605307,4093_chron
4213,70.80478914407362,4213_chron
4437,70.80509740262644,4437_chron
3242,70.81251158178063,3242_chron
3632,70.81324460570764,3632_chron
4462,70.81835226274532,4462_chron2
4043,70.82233934796353,4043_chron
3730,70.83314772273327,3730_chron
4445,70.83624310771738,4445_chron
4562,70.8369525986006,4562_chron
4707,70.84582201226068,4707_chron
3578,70.84594262770672,3578_chron
2950,70.84925587664883,2950_chron
4186,70.86552710555492,4186_chron2
4252,70.87219529659302,4252_chron
2080,70.87221610895322,2080_chron
3067,70.87368905713981,3067_chron
3088,70.87508105682544,3088_chron
3718,70.87807789126201,3718_chron
3518,70.8901984611938,3518_chron
3444,70.90372091403454,3444_chron
4409,70.90424034308273,4409_chron
4050,70.90496639102629,4050_chron
2349,70.90829733388767,2349_chron
3479,70.91126803495355,3479_chron
4133,70.9195032846931,4133_chron
3596,70.92446729692601,3596_chron
4330,70.92791377415146,4330_chron2
3297,70.93566896349428,3297_chron
4406,70.9512990603695,4406_chron
3458,70.95446135141736,3458_chron
4144,70.98153365157549,4144_chron
3893,70.9993997460615,3893_chron2
4037,71.00179081189793,4037_chron2
2869,71.00266478315544,2869_chron
4360,71.01232051557463,4360_chron2
2981,71.0270590332154,2981_chron
3262,71.02910403958411,3262_chron
2868,71.03206698831706,2868_chron
2662,71.0361470275056,2662_chron
3637,71.05678200736641,3637_chron
2681,71.06287898231565,2681_chron
3325,71.06580377005743,3325_chron
4627,71.07227296265235,4627_chron
3296,71.07403126438534,3296_chron
4473,71.07986211338985,4473_chron2
2906,71.09335670746323,2906_chron
3428,71.10064027554148,3428_chron
2915,71.10365093400789,2915_chron
4039,71.11383340888285,4039_chron2
3604,71.11591768000203,3604_chron
2265,71.11656121006381,2265_chron
2702,71.12381851700809,2702_chron
2778,71.1357220166027,2778_chron
3912,71.13681413239564,3912_chron
4018,71.13805563843955,4018_chron
1150,71.14690809598831,1150_chron
4718,71.15172086876784,4718_chron2
3906,71.15308569240536,3906_chron2
3051,71.15309900877226,3051_chron
1988,71.15467838766004,1988_chron
3928,71.15762383289125,3928_chron
2856,71.1612013467882,2856_chron
3599,71.16443367886833,3599_chron
4394,71.16651509092189,4394_chron
4236,71.1667862820123,4236_chron
4618,71.17217935019788,4618_chron2
3482,71.17219615916251,3482_chron
4461,71.17382738931296,4461_chron
4209,71.17398882656751,4209_chron
3081,71.1831020195802,3081_chron
2008,71.1835676494704,2008_chron
3938,71.18576930331407,3938_chron
4548,71.18857678667302,4548_chron
4356,71.19205885915778,4356_chron
4620,71.1950533149878,4620_chron2
4180,71.19885055497583,4180_chron
2979,71.19893028243162,2979_chron
3215,71.204968628327,3215_chron
778,71.21374790040821,778_chron
3766,71.2177593794304,3766_chron2
4399,71.2190748933719,4399_chron
4608,71.2198710905621,4608_chron2
4357,71.22042009923996,4357_chron
4749,71.22359741840555,4749_chron2
1726,71.2434633511641,1726_chron
3206,71.25401690586024,3206_chron
1933,71.26408453892658,1933_chron2
4070,71.27286079994037,4070_chron
3894,71.27894278029619,3894_chron
2996,71.28183175456024,2996_chron
3209,71.29106373556539,3209_chron
4159,71.29311960736197,4159_chron
2264,71.30132551387378,2264_chron
4588,71.3033224795904,4588_chron
3040,71.32964462452449,3040_chron
4507,71.34352585635489,4507_chron
686,71.34496998751156,686_chron
4046,71.34623967869372,4046_chron2
4034,71.36091227070484,4034_chron
3612,71.36212803334624,3612_chron2
3552,71.36312163253056,3552_chron
4154,71.3663213882366,4154_chron
2466,71.37546165721277,2466_chron
4369,71.37582838387858,4369_chron2
3968,71.37926098219883,3968_chron
4066,71.38123661470054,4066_chron
3993,71.38178134882882,3993_chron2
3118,71.39042903899258,3118_chron
4551,71.4081419013771,4551_chron
3274,71.40922439574352,3274_chron
3501,71.4101876323524,3501_chron2
4026,71.41263141196131,4026_chron2
4438,71.42008502218907,4438_chron
1837,71.43182686480206,1837_chron
3363,71.43875005404544,3363_chron
2391,71.44657438800768,2391_chron
3924,71.46166961573547,3924_chron2
3281,71.46728341436119,3281_chron
1648,71.4705263844662,1648_chron
3823,71.47163031606178,3823_chron2
3453,71.47896178750402,3453_chron
3233,71.4830611967131,3233_chron
4468,71.49534368131174,4468_chron2
3896,71.50804950275536,3896_chron
4592,71.50954457341419,4592_chron2
4664,71.51520483927565,4664_chron
1781,71.51658604698474,1781_chron
3422,71.51992930571376,3422_chron
4128,71.53055926376759,4128_chron2
2875,71.53480766488657,2875_chron
4205,71.54029190119415,4205_chron2
4566,71.54604471064967,4566_chron2
4455,71.5469771670252,4455_chron2
4045,71.55079765582072,4045_chron
4065,71.55157749561944,4065_chron2
4431,71.55492241988598,4431_chron
4395,71.561396808497,4395_chron
2547,71.5695511545347,2547_chron
4117,71.57193768540913,4117_chron
2959,71.57525448474829,2959_chron
2900,71.57989468113347,2900_chron
2966,71.58235793641178,2966_chron
3153,71.58278993475697,3153_chron
1679,71.59608339927819,1679_chron
3995,71.62410551995491,3995_chron
4616,71.62805819087089,4616_chron
2922,71.6350909611669,2922_chron
4405,71.65833277519255,4405_chron2
4309,71.66238756386815,4309_chron
2032,71.66879791031907,2032_chron
1325,71.66955944153146,1325_chron
3622,71.6758863925279,3622_chron2
1551,71.67687491437455,1551_chron
4429,71.67862522282483,4429_chron
2024,71.6840623145727,2024_chron
4179,71.68983644779014,4179_chron2
2308,71.69803511325017,2308_chron
3013,71.70476510888201,3013_chron
3727,71.7147746535567,3727_chron
3723,71.71869189851985,3723_chron
4221,71.74244070211344,4221_chron
4447,71.74317961337988,4447_chron
3594,71.75032628162373,3594_chron
1644,71.75973032024315,1644_chron
3302,71.76114998770078,3302_chron
4207,71.76829879451758,4207_chron2
3381,71.81317519711999,3381_chron
2249,71.81462073844943,2249_chron
4107,71.81501692378403,4107_chron
724,71.82083677228182,724_chron
3046,71.8230710693981,3046_chron
4077,71.8338274621646,4077_chron
4333,71.84324486083895,4333_chron
4083,71.8507079923656,4083_chron
2238,71.85843033704613,2238_chron
3857,71.86824581353189,3857_chron
3314,71.87451543659321,3314_chron
2953,71.87623435363868,2953_chron
4085,71.87986745311815,4085_chron
3919,71.88026464824956,3919_chron
3820,71.89021560376817,3820_chron
3269,71.89935871233503,3269_chron
3935,71.9067968805394,3935_chron
3226,71.91577182882155,3226_chron
3981,71.91722506893827,3981_chron
4314,71.92419493896078,4314_chron2
2877,71.92553716249125,2877_chron2
3880,71.92818722991338,3880_chron
3741,71.92961385329846,3741_chron
1288,71.93585523491127,1288_chron
4140,71.93689590139819,4140_chron
4845,71.94014819645393,4845_chron2
4692,71.94138918003028,4692_chron
4495,71.94215180765656,4495_chron
4265,71.94469801262325,4265_chron
3085,71.94716365960173,3085_chron
4511,71.94917848132503,4511_acute2
3187,71.95184173179801,3187_chron
4708,71.96368454041364,4708_chron
4129,71.96413112391434,4129_chron
4060,71.96650903245862,4060_chron
3717,71.96942554642384,3717_chron
4287,71.97064280475745,4287_chron
3457,71.97086290410918,3457_chron
3096,71.97149581539898,3096_chron
2730,71.98989241863589,2730_chron
4768,71.99160808415526,4768_chron2
2107,72.0037113801544,2107_chron
3001,72.00736397255184,3001_chron2
1429,72.00748841120155,1429_chron
4463,72.01006270909149,4463_chron
2217,72.01536749760501,2217_chron
3746,72.02441452305368,3746_chron
3933,72.02507718481812,3933_chron
3555,72.03774464031099,3555_chron
4173,72.04361500845229,4173_chron
2982,72.05180938157676,2982_chron
1454,72.05195840362809,1454_chron
4410,72.05789451930056,4410_chron
4135,72.05980134820376,4135_chron
1936,72.0637074045197,1936_chron
4755,72.0718153538893,4755_chron
3341,72.07355949389762,3341_chron
1015,72.07719269147388,1015_chron
4682,72.07997380847759,4682_chron2
4282,72.08127352773494,4282_chron
3513,72.09128229173639,3513_chron
3785,72.10037177347714,3785_chron
1651,72.10231915989307,1651_chron
4339,72.10237820576889,4339_chron2
3336,72.10775968880348,3336_chron2
4390,72.12514975025084,4390_chron
2313,72.13464127944815,2313_chron
2528,72.15398339391074,2528_chron
3991,72.16047309267191,3991_chron
4654,72.16926181679085,4654_chron
2628,72.17312643837606,2628_chron2
3954,72.17528957529686,3954_chron
2196,72.18407159460283,2196_chron
2883,72.18451308063358,2883_chron
1762,72.18936052346142,1762_chron
3561,72.20689331503903,3561_chron
4379,72.21026405105248,4379_chron
4376,72.21140805195188,4376_chron
3763,72.21302135405094,3763_chron
3812,72.21419226768438,3812_chron2
4298,72.2157826027763,4298_chron
3865,72.21755582151374,3865_chron
4042,72.21852539405138,4042_chron
4730,72.22386463087345,4730_chron
4474,72.22427737556544,4474_chron
2234,72.22827861196829,2234_chron
4516,72.23301557138505,4516_chron2
4684,72.23589827905943,4684_chron
4283,72.23747356936033,4283_chron
4762,72.24057299567497,4762_chron2
4810,72.24084535054206,4810_chron2
3489,72.24386052798866,3489_chron
4742,72.24388676973716,4742_chron
561,72.24992512117085,561_chron
4001,72.25924773353636,4001_chron
4382,72.25973172571999,4382_chron
2989,72.27351307132,2989_chron
3152,72.27814644886219,3152_chron2
4217,72.2829066816974,4217_chron
4450,72.28357776116633,4450_chron
3992,72.28780327043452,3992_chron
3796,72.29562391425964,3796_chron
4340,72.29707111128974,4340_chron
4246,72.30343816277308,4246_chron
4400,72.31471804418189,4400_chron
3580,72.31698369653915,3580_chron
4416,72.32382629496934,4416_chron
1122,72.32600821511494,1122_chron
3146,72.32614554174353,3146_chron
4908,72.33110132475129,4908_chron
2647,72.33260922111859,2647_chron
3080,72.33809697338819,3080_chron2
3964,72.34098119663741,3964_chron2
3886,72.34513685572956,3886_chron
4293,72.35258786938006,4293_chron
2282,72.36049638684015,2282_chron
4643,72.38383590400964,4643_chron
4744,72.38516731804361,4744_chron2
3343,72.38934334254778,3343_chron
4194,72.3952586419052,4194_chron
3738,72.39808497005295,3738_chron
1340,72.40480583448094,1340_chron
3198,72.40823311470655,3198_chron
3503,72.41023229990367,3503_chron2
4609,72.41787383876442,4609_chron
1357,72.4192548095331,1357_chron
2793,72.42349303180326,2793_chron
3384,72.43744881403471,3384_chron
4012,72.44349881161686,4012_chron
3784,72.44498511134478,3784_chron
3493,72.44551263631541,3493_chron
4494,72.45547641911516,4494_chron
3786,72.4622988861982,3786_chron
2142,72.47043370165338,2142_chron
3638,72.48342175451712,3638_chron2
3294,72.48832105031617,3294_chron
1903,72.4904556529177,1903_chron
4305,72.49412135606185,4305_chron
4378,72.49821815133474,4378_chron
4864,72.5082548454113,4864_chron2
3826,72.52793058652595,3826_chron
2209,72.53203514631836,2209_chron
3570,72.53903715879264,3570_chron
3082,72.54407113676322,3082_chron
4806,72.54522927027513,4806_chron
3794,72.54581689681336,3794_chron2
4675,72.55796260922823,4675_chron2
4653,72.55819983241899,4653_chron
4640,72.56759252321896,4640_chron2
1247,72.56873571082168,1247_chron
2798,72.5696926987324,2798_chron
4224,72.57537997881467,4224_chron
4826,72.58251682300248,4826_chron2
4595,72.5903044362928,4595_chron2
3163,72.59784254244069,3163_chron
4760,72.59932427578205,4760_chron2
2873,72.62524281194973,2873_chron
4478,72.62870688684357,4478_chron2
4004,72.62888897910287,4004_chron
962,72.63459391374771,962_chron
484,72.64391372942946,484_chron
3227,72.65575370818424,3227_chron
3816,72.6588692295154,3816_chron
4772,72.67158357467991,4772_chron
2460,72.68506476039214,2460_chron
3926,72.68516217159676,3926_chron
1539,72.68980615277633,1539_chron
3017,72.69774337856367,3017_chron
4526,72.71211448044049,4526_chron
3677,72.71215192381807,3677_chron
3538,72.71358451198836,3538_chron2
4815,72.7255700131968,4815_chron
4937,72.74174446476579,4937_chron
4572,72.75384242004509,4572_chron
2983,72.75662614626444,2983_chron
2618,72.75967939718846,2618_chron
3689,72.76455553497595,3689_chron
4978,72.76916207471264,4978_chron
3869,72.76962415436431,3869_chron
3872,72.76971219139409,3872_chron
1291,72.7704465609729,1291_chron
4025,72.77379761485331,4025_chron
4255,72.77569520368078,4255_chron
3571,72.77824447485386,3571_chron
1415,72.77863206729025,1415_chron
3940,72.78235296909376,3940_chron
4761,72.78597889131716,4761_chron
4049,72.7966991251199,4049_chron
3590,72.80185672830434,3590_chron
2837,72.8052230270341,2837_chron
4440,72.80542228355922,4440_chron
3099,72.80542854025029,3099_chron
4064,72.80754120144627,4064_chron2
4927,72.81387129698905,4927_chron
3642,72.81644216182069,3642_chron
2713,72.81645577280985,2713_chron
2931,72.81826844759777,2931_chron
1927,72.81856875509384,1927_chron
4706,72.83321700814234,4706_chron
3783,72.83624643604655,3783_chron
1897,72.84457761770692,1897_chron
2745,72.84890965343337,2745_chron
4471,72.85909558778856,4471_chron
4910,72.85945072728721,4910_chron
4968,72.86201248626293,4968_chron
1997,72.86740722966867,1997_chron
3052,72.88470636695052,3052_chron
4521,72.88652616766643,4521_chron
5007,72.889827033453,5007_chron
4227,72.89741522212736,4227_chron2
3466,72.90880601112373,3466_chron
3943,72.91108099809793,3943_chron
4338,72.91672509573338,4338_chron
4575,72.91912700069058,4575_chron
2279,72.93251492808763,2279_chron
3164,72.93728856782138,3164_chron
4181,72.93934333477503,4181_chron
4294,72.9408996192877,4294_chron
4793,72.94437988148006,4793_chron2
5076,72.9458728416408,5076_acute2
3339,72.9506782494602,3339_chron
2607,72.95947390765616,2607_chron
4490,72.97270664477423,4490_chron2
4748,72.97684811995137,4748_chron2
3597,72.98143665267854,3597_chron
3533,72.9912283406209,3533_chron
893,72.99679107244798,893_chron
3450,73.01316498574924,3450_chron2
4868,73.01544785102023,4868_acute
1655,73.02938451795004,1655_chron
736,73.0310670171369,736_chron
1564,73.03547717370878,1564_chron
3134,73.03990612739628,3134_chron
2137,73.04110138427275,2137_chron
2574,73.0443106212903,2574_chron
4017,73.05647001690775,4017_chron
3947,73.06243657829933,3947_chron2
3268,73.06497771217137,3268_chron
4719,73.07090050641453,4719_chron
4578,73.07766974577545,4578_chron
3752,73.08098944486211,3752_chron
4770,73.08294722520623,4770_chron
3318,73.08317258438805,3318_chron
4331,73.09841234380897,4331_chron
2149,73.10224266391921,2149_chron
3934,73.11126694353939,3934_chron
4095,73.11823600576894,4095_chron
4116,73.12555552507625,4116_chron
4774,73.13618768952517,4774_chron
4068,73.14334098359464,4068_chron2
2303,73.14769015950155,2303_chron2
1952,73.15713362970243,1952_chron
2755,73.15831877480873,2755_chron
3697,73.16218907189473,3697_chron
4163,73.16350187663916,4163_chron
2012,73.16519086170582,2012_chron
3875,73.17530812740308,3875_chron2
3500,73.17600362850042,3500_chron
3584,73.17924679885182,3584_chron
2532,73.18416424526426,2532_chron
3814,73.18834613366057,3814_chron
4766,73.19412896013012,4766_chron
1466,73.20230397121547,1466_chron
4413,73.20802409888425,4413_chron
3849,73.21324511010177,3849_chron2
3417,73.21780745794993,3417_chron
4982,73.2197905820668,4982_chron
4296,73.22632954520584,4296_chron
1359,73.23104163025988,1359_chron
4443,73.23370623789886,4443_chron2
3270,73.23652373577917,3270_chron
4146,73.23695720676022,4146_chron
4393,73.25429988704875,4393_chron
4075,73.25964493536664,4075_chron2
4404,73.26260628076962,4404_chron
3775,73.26423195265436,3775_chron
4725,73.26535073578638,4725_chron
3682,73.26594229270397,3682_chron
4543,73.26715090929987,4543_chron2
2011,73.27050539878253,2011_chron
4078,73.27197125352633,4078_chron
4893,73.28443691946222,4893_chron2
4067,73.30009981402766,4067_chron2
4726,73.3081730216573,4726_chron2
4827,73.3165055441762,4827_chron2
1257,73.33944246531667,1257_chron
4809,73.33998809784705,4809_chron
3696,73.37190535488807,3696_chron
4435,73.37833518269204,4435_acute
3834,73.378889071213,3834_chron
4656,73.39613441781489,4656_chron
4288,73.42680834412737,4288_chron
4191,73.44081801904743,4191_chron2
1058,73.44677242272273,1058_chron
4699,73.44932312882024,4699_chron
3120,73.45053020304971,3120_chron
1714,73.45134108169778,1714_chron
4907,73.4543673567178,4907_chron
5118,73.46302288223059,5118_chron2
4451,73.46394832668865,4451_chron
4702,73.471491489432,4702_chron
5025,73.47749923676169,5025_chron2
4650,73.47778084567173,4650_chron
3688,73.48041107149972,3688_chron
3769,73.48332489126096,3769_chron
4756,73.48696120147598,4756_chron
2757,73.49163971117319,2757_chron
3740,73.49816386980672,3740_chron
4127,73.51115095438706,4127_chron2
4328,73.5112725309027,4328_chron
3722,73.520895676479,3722_chron
4351,73.52213620460144,4351_chron
4712,73.525756705998,4712_chron
3361,73.52873723899262,3361_chron
4452,73.54257852329125,4452_chron
667,73.54348197693548,667_chron
4292,73.54646580527685,4292_chron2
4677,73.55593635099514,4677_chron
4821,73.55612376173372,4821_chron
2480,73.56411345657283,2480_chron
4638,73.57016767601932,4638_chron
4086,73.57042163928313,4086_chron
4185,73.57287469482857,4185_chron
4746,73.57654971121353,4746_chron2
2566,73.58186558818552,2566_chron
2363,73.58590138612027,2363_chron
5040,73.5897233847744,5040_chron
3585,73.59984826602916,3585_chron
5058,73.60154761386468,5058_chron2
3097,73.60900350110974,3097_chron
4508,73.61413950887791,4508_chron
5012,73.63219921355052,5012_chron2
2637,73.6360991642718,2637_chron
2206,73.63679074041706,2206_chron
4023,73.63757018484189,4023_chron2
3121,73.63806249895445,3121_chron
3920,73.6438158164864,3920_chron2
4419,73.64708788893422,4419_chron
4981,73.64871524477938,4981_chron2
3194,73.65945131515329,3194_chron
682,73.66560757793113,682_chron
3060,73.66957350645326,3060_chron
3372,73.67272707921445,3372_chron
3433,73.67642727207246,3433_chron
1543,73.68345317372827,1543_chron
4941,73.69231391133758,4941_chron
4997,73.70116307033537,4997_chron2
5049,73.70866802229685,5049_chron
4647,73.70886408947582,4647_chron
4010,73.7140542795763,4010_chron
4134,73.71451507963299,4134_chron
4952,73.71716670726086,4952_chron2
2478,73.71824387321476,2478_chron
5042,73.72096995132218,5042_chron2
4563,73.72125208467,4563_chron2
3838,73.72237682808374,3838_chron
3867,73.72298062778785,3867_chron
3841,73.7305083183937,3841_chron
4583,73.73651645720419,4583_chron
2258,73.73696202302148,2258_chron
5005,73.73942027139985,5005_acute2
4678,73.74544769733501,4678_chron2
4402,73.74551170285693,4402_chron
3238,73.74597452861511,3238_chron
4523,73.75005668384277,4523_chron
4781,73.75375945570669,4781_chron2
5071,73.75699262819812,5071_chron2
5061,73.75915467093114,5061_chron2
4909,73.76223368162411,4909_chron2
5028,73.76368503259118,5028_chron2
769,73.76935300988079,769_chron
4897,73.78654496745237,4897_chron
4959,73.7895202833665,4959_chron2
826,73.79776230337059,826_chron
2127,73.80087384813532,2127_chron
4273,73.80876768505048,4273_chron2
5157,73.8196511476663,5157_chron
2465,73.84978065292105,2465_chron
5039,73.85007906621476,5039_chron2
4424,73.85477117543874,4424_chron
4829,73.85807245393526,4829_chron2
3999,73.85926721379519,3999_chron
3994,73.86217214825628,3994_chron
4714,73.86402102309314,4714_chron
4780,73.86763385528661,4780_chron
2973,73.87149903864426,2973_chron
1715,73.87724697171573,1715_chron
5043,73.88241530495367,5043_chron
2472,73.88249595724234,2472_chron
3510,73.89437130101572,3510_chron
4778,73.89530949301529,4778_chron
4055,73.89661902571001,4055_chron
3247,73.8972641903467,3247_chron
4745,73.9031093646767,4745_chron
815,73.90563948174402,815_chron
3284,73.91934265729877,3284_chron
1924,73.92027493162686,1924_chron
3568,73.92643992803558,3568_chron2
4515,73.93427643503858,4515_chron2
5159,73.93742321206818,5159_chron2
5138,73.93744260386663,5138_chron2
4088,73.94123782700485,4088_chron
4269,73.94900549053384,4269_chron
4139,73.95115230353058,4139_chron
4720,73.96191605990721,4720_chron
3219,73.9635189193529,3219_chron
4125,73.96807282632388,4125_chron
5149,73.97495745557595,5149_chron
4709,73.98536367200262,4709_chron2
4693,73.98705793740936,4693_chron2
840,73.98719375620055,840_chron
4633,73.99295274526712,4633_chron2
5116,74.00563988828229,5116_chron2
5177,74.00592542131398,5177_chron2
4567,74.01224713130799,4567_chron2
4617,74.01743609798567,4617_chron
1516,74.02968476616935,1516_chron
4027,74.04411339539304,4027_chron
2617,74.04689717748653,2617_chron
3806,74.04711231838967,3806_chron
4663,74.04862653098502,4663_chron2
3760,74.05013657319776,3760_chron
4423,74.06027704323934,4423_chron
4238,74.06303319507238,4238_chron2
4311,74.06712632792423,4311_chron2
2292,74.07132313671553,2292_chron
2621,74.07732196609456,2621_chron
5048,74.08214367748266,5048_chron
3781,74.09631182617723,3781_chron2
969,74.10877104519982,969_chron
4418,74.11086021642633,4418_chron
3963,74.1145008111177,3963_chron
3405,74.11483708327694,3405_chron2
4352,74.13031296182618,4352_chron2
4119,74.14081411526759,4119_chron
4136,74.15082219220234,4136_chron
3448,74.15341462569046,3448_chron
5131,74.15379921027358,5131_chron2
3334,74.16479012340186,3334_chron
4482,74.16867758592987,4482_chron
4249,74.17571875423687,4249_chron
2101,74.17695697125467,2101_chron
4289,74.17996923444552,4289_chron
4303,74.19314589517458,4303_chron
2970,74.1979443641806,2970_chron
2835,74.19813382583527,2835_chron
4397,74.20132258127741,4397_chron
3711,74.21020816610942,3711_chron
4629,74.22647650752265,4629_chron
4790,74.23406665029175,4790_chron2
5145,74.23599791653987,5145_chron
1824,74.2366503861685,1824_chron
4308,74.23810072205413,4308_chron
5102,74.25795453326666,5102_chron2
3731,74.25808785939664,3731_chron
3799,74.26666850907108,3799_chron
799,74.27505091323145,799_chron
4454,74.28267194973299,4454_chron2
5060,74.2836220720733,5060_chron2
1109,74.28481828680977,1109_chron
5026,74.28826923713433,5026_chron
1533,74.2979085010008,1533_chron
4366,74.30595098502637,4366_chron2
1313,74.33778430702321,1313_chron
4743,74.34353525113076,4743_chron
5019,74.35535365271737,5019_chron
4866,74.36082442205415,4866_chron2
1476,74.36299494862675,1476_chron
3720,74.36685461102498,3720_chron
4222,74.37189745512477,4222_chron
5135,74.37580337686255,5135_chron2
2974,74.37651361475842,2974_chron
2952,74.38646278328606,2952_chron
4670,74.40125973734418,4670_chron
5165,74.40418277044307,5165_chron2
4862,74.40473921163607,4862_chron2
3371,74.40857418278424,3371_chron
4701,74.41766795744175,4701_chron
4152,74.42184354893843,4152_chron
3707,74.4278538492644,3707_chron
5322,74.42794232805328,5322_chron
2200,74.43105674351618,2200_chron
2752,74.43190624483204,2752_chron
4286,74.43803272725029,4286_chron2
4794,74.44461998471736,4794_chron
4329,74.44512325671417,4329_chron
5062,74.44631194940425,5062_chron
3029,74.4471329636705,3029_chron
2343,74.45783087020307,2343_chron
3825,74.47050551857555,3825_chron
4813,74.47655394264925,4813_chron
3761,74.48620320367233,3761_chron
5054,74.49122428288283,5054_chron
3985,74.49744519671185,3985_chron
4297,74.49987490608942,4297_chron
5020,74.5017019997626,5020_acute2
4861,74.51117988174258,4861_chron
3137,74.51139260424195,3137_chron
3615,74.5198263391746,3615_chron
4667,74.52385513972575,4667_chron
4784,74.52473304953288,4784_chron2
4738,74.52743925982818,4738_chron2
4926,74.52767495165946,4926_chron2
5246,74.54018929467307,5246_chron
5281,74.54561256757201,5281_chron2
4504,74.54574389793979,4504_chron
657,74.54909053828281,657_chron
2932,74.56017772174513,2932_chron
4122,74.56657701570211,4122_chron
5161,74.58281384602346,5161_chron
1918,74.58503351191129,1918_chron
4268,74.58518752371819,4268_chron
4637,74.5945773942253,4637_chron
5324,74.59607167840223,5324_chron2
4052,74.59751293775257,4052_chron
441,74.59925186501313,441_chron
2977,74.60020744508283,2977_chron2
4847,74.61761674018844,4847_chron
4856,74.61879297379981,4856_chron2
3695,74.61932985198501,3695_chron2
4522,74.63194424456194,4522_chron
4962,74.63837162116967,4962_chron
2310,74.64225927569025,2310_chron
5255,74.64462047123499,5255_chron2
4514,74.64929668460984,4514_chron
5150,74.66815098839648,5150_chron
5221,74.66985164695289,5221_chron
2017,74.67203599491555,2017_chron
1624,74.67403829555029,1624_chron
2797,74.68870944715954,2797_chron
2241,74.69251785760396,2241_chron2
5409,74.70447080095907,5409_chron2
4831,74.70977468370188,4831_chron
4467,74.71375109067316,4467_chron
3676,74.71566312411662,3676_chron
2334,74.71702113306567,2334_chron
4898,74.72225728559069,4898_chron
2215,74.72685978478579,2215_chron
5167,74.72833269805207,5167_chron2
4220,74.73417078443347,4220_chron
3014,74.73521688090797,3014_chron
2596,74.73650185044164,2596_chron
4694,74.73941982205069,4694_chron
866,74.7423621810827,866_chron
4320,74.7528287924309,4320_chron
3401,74.75335024467759,3401_chron
4686,74.75572234562263,4686_chron2
3186,74.75651114425874,3186_chron
2075,74.76461397926238,2075_chron
5359,74.77339505633313,5359_chron2
2636,74.7806991419788,2636_chron
4485,74.78624109495058,4485_chron
5217,74.80664088321281,5217_chron
3264,74.81051697850047,3264_chron
4568,74.81101727494116,4568_chron
4613,74.8169304565896,4613_chron2
4275,74.81711955648822,4275_chron
3608,74.82430686210296,3608_chron
3602,74.83086574995895,3602_chron
4948,74.83310499716325,4948_chron
2119,74.85005849445098,2119_chron
4540,74.85949733685895,4540_chron
4758,74.8611902117142,4758_chron
3465,74.86237866436416,3465_chron
4201,74.86443496694072,4201_chron
1218,74.86765581004843,1218_chron
1853,74.86790178314072,1853_chron
3403,74.87558921759117,3403_chron
3109,74.88117495765121,3109_chron
2605,74.88502277587662,2605_chron
4531,74.89253616167998,4531_chron2
4113,74.89596267139798,4113_chron
901,74.90417115461283,901_chron
4867,74.91396338355675,4867_chron
4924,74.91581167620174,4924_chron
4491,74.91674784472389,4491_chron
4906,74.9466670490025,4906_chron
3885,74.95342812998057,3885_chron
5038,74.95780359557519,5038_chron2
2999,74.97173456447202,2999_chron
4773,74.97338769935214,4773_chron
5002,74.98081545176478,5002_chron2
1253,74.98989513090575,1253_chron
4091,74.99209759797708,4091_chron
3409,74.99471537358012,3409_chron
4945,74.99789242194292,4945_chron
5279,74.99885739518332,5279_chron
5202,74.99998914221857,5202_chron
4951,75.00089983754535,4951_chron
4729,75.00874364306952,4729_chron
1363,75.01440083217561,1363_chron
4147,75.01897589164166,4147_chron
3410,75.02200775272196,3410_chron
3843,75.02458113753927,3843_chron
2850,75.028729117929,2850_chron
2847,75.0304133380325,2847_chron
4848,75.03087655172757,4848_chron
5215,75.03109916348237,5215_chron
4974,75.03813656150986,4974_chron2
4824,75.03974725104607,4824_chron
4980,75.04634433069552,4980_chron
3848,75.04670797619548,3848_chron
5104,75.04682992221568,5104_chron
3671,75.04819189342547,3671_chron
2570,75.05597833334816,2570_chron
3511,75.05808060152309,3511_chron
4016,75.06356676404097,4016_chron
3874,75.07378400564494,3874_chron
4958,75.07610598725405,4958_chron
2204,75.08153382986173,2204_chron
3036,75.09534363795271,3036_chron
4188,75.10315298218882,4188_chron
4582,75.10445144084925,4582_chron
5319,75.110636171268,5319_chron
5003,75.1154485056725,5003_chron
5092,75.11805317611663,5092_chron
4788,75.11999472390882,4788_chron2
4704,75.12793100272188,4704_chron
4783,75.13140055280442,4783_chron
4317,75.13423169943474,4317_chron
3083,75.14199302398899,3083_chron
4251,75.15094785721594,4251_chron
4943,75.15164481718435,4943_chron
4483,75.1541097921013,4483_chron2
3979,75.1581926292549,3979_chron
4938,75.1597990836147,4938_chron2
2518,75.1598700303012,2518_chron
4996,75.17608161343345,4996_chron
5212,75.19935491247979,5212_chron
4994,75.20674004065715,4994_chron
5214,75.20927270435826,5214_chron
5228,75.21220415544217,5228_chron
5393,75.22324255474993,5393_chron
1300,75.22558353034455,1300_chron
4150,75.22715607824912,4150_chron
3881,75.22792026545922,3881_chron
3018,75.22941140482132,3018_chron
2435,75.24208221699274,2435_chron
3327,75.24362402418235,3327_chron
4560,75.24739964032719,4560_chron
3957,75.27307497976814,3957_chron
2790,75.28112383755295,2790_chron
3420,75.29271600850134,3420_chron2
4890,75.29441395184314,4890_chron
4673,75.30534740004528,4673_chron
5380,75.30715804541227,5380_acute2
4587,75.31622383415655,4587_chron2
4839,75.32077014537525,4839_chron
4427,75.32652791602027,4427_chron
5300,75.33635174602792,5300_chron2
5080,75.33729864503795,5080_chron
4519,75.33945960322845,4519_chron
1773,75.34088578145183,1773_chron
2170,75.35399657527493,2170_chron
3956,75.35517907324024,3956_chron2
5352,75.36699744123887,5352_chron2
3330,75.38360909653717,3330_chron
4964,75.38462467887736,4964_chron
4992,75.38728478941246,4992_chron
2497,75.3939708911648,2497_chron
5311,75.39528331019015,5311_chron
3015,75.402843344088,3015_chron
2504,75.40742818853222,2504_chron
3623,75.40751221052682,3623_chron
3591,75.41561488867795,3591_chron
1861,75.43979344184233,1861_chron
4321,75.4492676404369,4321_chron
1883,75.45397150554749,1883_chron
4383,75.46047548748305,4383_chron
3754,75.46253962135015,3754_chron
2240,75.46579877580379,2240_chron
3904,75.46737800442338,3904_chron
3610,75.46909856856585,3610_chron
3031,75.46930751670047,3031_chron
2941,75.48325065731275,2941_chron
3063,75.48493361877578,3063_chron
4732,75.48794549955338,4732_chron
2715,75.50026553281016,2715_chron
4895,75.5037966992333,4895_chron2
4496,75.52151480519608,4496_chron2
4922,75.53204739410124,4922_chron
4509,75.53855304898418,4509_chron
3773,75.54307698572119,3773_chron2
3802,75.55068787059027,3802_chron
4823,75.55918044694447,4823_chron2
5533,75.56157648823088,5533_chron2
5182,75.5645293150197,5182_chron
2754,75.5749998469807,2754_chron
5070,75.57593032663411,5070_chron2
5127,75.57859848468908,5127_chron
5015,75.58465782324659,5015_chron
5238,75.58937699265503,5238_chron
4325,75.59903401390281,4325_chron
3306,75.60548093053623,3306_chron
5459,75.60624369758695,5459_chron2
2634,75.60751052618807,2634_chron
3068,75.62468660120501,3068_chron2
3211,75.62871167444153,3211_chron
4690,75.63441344647632,4690_chron
2682,75.63605801206934,2682_chron
1836,75.63731478839848,1836_chron
5155,75.64223098878087,5155_chron
4963,75.65680946944053,4963_chron
4628,75.66414655359823,4628_chron
4799,75.67352386708315,4799_chron
4542,75.67909580206495,4542_chron
2740,75.7037398176981,2740_chron
4642,75.70670810861432,4642_chron
3913,75.71113464780666,3913_chron
3607,75.7124670574773,3607_chron
4225,75.71273403282791,4225_chron
5156,75.72717038181308,5156_chron
5027,75.73760796896883,5027_chron
3342,75.73929309276187,3342_chron
5176,75.74203578949754,5176_chron
4421,75.74217383401624,4421_chron
4871,75.74449627405451,4871_chron2
3507,75.75230239137805,3507_chron
2060,75.75430129053666,2060_chron
1741,75.75473086594177,1741_chron
4171,75.75864517935645,4171_chron
4512,75.76029555680587,4512_chron
5343,75.76371713622545,5343_chron2
4172,75.77061952630035,4172_chron
3759,75.77166829991732,3759_chron
4787,75.77745902155037,4787_chron
3529,75.77766261040651,3529_chron
5162,75.78769979178075,5162_chron
5498,75.79455002335386,5498_chron2
4662,75.8148096152615,4662_chron
4597,75.8158301336372,4597_chron
3931,75.81923532555845,3931_chron
4354,75.83755240041286,4354_chron2
4247,75.8466722269631,4247_chron
5320,75.85934910505894,5320_chron2
4115,75.86090573118298,4115_chron
4528,75.86989802631447,4528_chron
2242,75.87338368558784,2242_chron
3532,75.87447259312782,3532_chron
3996,75.878182394602,3996_chron
2267,75.87965171654193,2267_chron
5449,75.88188943519837,5449_chron2
5200,75.88470182661375,5200_chron
4488,75.89545860883051,4488_chron2
3698,75.89892869579323,3698_chron
3742,75.90766074465841,3742_chron
3614,75.9124053278164,3614_chron
3058,75.92132551823194,3058_chron
1975,75.93344741132518,1975_chron
5312,75.93602519063631,5312_chron2
4157,75.93996018703227,4157_chron
3648,75.94463976983333,3648_chron
3451,75.94971584751336,3451_chron
2998,75.9507546036438,2998_chron
5518,75.95434926791471,5518_chron2
5086,75.95443979627315,5086_chron2
4014,75.95821242445552,4014_chron
5130,75.96747273737954,5130_chron
4178,75.97883397105208,4178_chron
4604,75.98077292805499,4604_chron2
221,75.98185962803328,221_chron
3357,75.98745459845198,3357_chron
3852,75.99694016455399,3852_chron
3416,76.01401995299375,3416_chron
1071,76.03034564290786,1071_chron
3953,76.03045469170495,3953_chron
4737,76.04364037433184,4737_chron2
5484,76.04612224026667,5484_chron
4130,76.04775830968764,4130_chron
3426,76.05072119640454,3426_chron
2197,76.05961233625601,2197_chron
4539,76.07249865542528,4539_chron
5171,76.07978722600588,5171_chron2
4479,76.08239412635487,4479_chron
2729,76.08469569949207,2729_chron
3406,76.09392048068608,3406_chron
1420,76.09430497972149,1420_chron
4030,76.09901361270471,4030_chron
2858,76.10798797517727,2858_chron
4162,76.10889809930924,4162_chron
5611,76.11767903501271,5611_chron2
4736,76.11917948729825,4736_chron
747,76.1245516605016,747_chron
4857,76.1260093836808,4857_chron
4947,76.13189496810236,4947_chron2
859,76.13402044356944,859_chron
4989,76.14832014661454,4989_chron
4348,76.14851344481953,4348_chron
3257,76.14887403441071,3257_chron
5154,76.16609849418283,5154_chron
4200,76.16922368482419,4200_chron
3764,76.1727538764011,3764_chron2
5557,76.18124233992083,5557_acute2
5077,76.18443275622053,5077_chron
2653,76.19573449207762,2653_chron
3787,76.19988494169456,3787_chron
5399,76.19999425303504,5399_chron
4315,76.2046438183715,4315_chron
4658,76.20899791672844,4658_chron
4612,76.21648342605565,4612_chron
4979,76.23079534106276,4979_chron
3595,76.23272376655913,3595_chron
5576,76.23998628620015,5576_chron
5292,76.2403487646031,5292_chron
5528,76.2404151228302,5528_acute2
4074,76.24188582911468,4074_chron2
4358,76.24514023827882,4358_chron
4554,76.25099439956779,4554_chron
4270,76.26103727156995,4270_chron
4733,76.27026651521496,4733_chron
4148,76.29563334755369,4148_chron
5486,76.29589343611083,5486_acute
3948,76.30518985804757,3948_chron
3345,76.30702975788323,3345_chron2
3749,76.31349564222873,3749_chron
5113,76.324696709808,5113_chron
3951,76.33931756561132,3951_chron
4444,76.34091359717154,4444_chron
3195,76.35702493727811,3195_chron
3941,76.36193851114574,3941_chron
4295,76.36802267802845,4295_chron
5148,76.38207967018914,5148_chron2
5642,76.38285906690388,5642_chron2
5396,76.3891074346409,5396_chron2
3037,76.39081977964037,3037_chron
3574,76.39159449954656,3574_chron
3248,76.39248022605331,3248_chron
2940,76.39944977402033,2940_chron
5623,76.40641807994922,5623_chron2
2598,76.41246475343952,2598_chron
5234,76.41972945967942,5234_chron
3027,76.42116727715441,3027_chron
4274,76.43398576753634,4274_chron
5439,76.44388314157422,5439_chron2
1401,76.44434569167147,1401_chron
5229,76.45171676339667,5229_chron
4552,76.45628444119554,4552_chron
5358,76.46279229944034,5358_chron2
5189,76.46672255233577,5189_chron
3835,76.46987220825869,3835_chron
4791,76.47076674456756,4791_chron
2747,76.47168228130855,2747_chron
3562,76.4845460533422,3562_chron
4655,76.50288180559232,4655_chron
5372,76.51341927072471,5372_chron2
5196,76.51591203093014,5196_chron
2827,76.5209970258001,2827_chron
5447,76.54471176591447,5447_chron
3346,76.5455069055977,3346_chron
4533,76.54563346219803,4533_chron
5151,76.55015084969631,5151_chron
4802,76.55159790453891,4802_chron2
5656,76.55260943566536,5656_acute2
4535,76.5581823706593,4535_chron
5547,76.56083537476756,5547_chron
5641,76.56236120747515,5641_chron2
4370,76.56490881161717,4370_chron
4998,76.56872376670695,4998_chron2
5073,76.56967447187354,5073_chron2
5332,76.58531603346884,5332_chron2
2256,76.590950726828,2256_chron
5270,76.59117203750286,5270_chron
3288,76.59392929703981,3288_chron
4728,76.60120022696937,4728_chron
4803,76.61323476078748,4803_chron
2130,76.61485471399322,2130_chron
2741,76.6205746433761,2741_chron
1574,76.62521834585071,1574_chron
5187,76.62527238953615,5187_chron
4534,76.62615721351607,4534_chron
5136,76.63003686663511,5136_chron2
3927,76.63190435232951,3927_chron2
3166,76.6323715914934,3166_chron
5268,76.6400184542843,5268_chron
3055,76.64446298961717,3055_chron
5521,76.64678219559617,5521_chron
5405,76.65098585645319,5405_chron
5326,76.66173815232574,5326_chron2
3598,76.66456594808851,3598_chron
3840,76.66953116526588,3840_chron
5651,76.68548702421509,5651_chron2
4240,76.69477641415833,4240_chron
5713,76.70591435529148,5713_chron
4711,76.7138671743359,4711_chron2
1951,76.72147918323131,1951_chron
4453,76.72641830495328,4453_chron
2602,76.72874911147571,2602_chron
5730,76.73077451689971,5730_acute2
4079,76.73680395987623,4079_chron2
4532,76.74679166662474,4532_chron
4603,76.7488752673895,4603_chron
2437,76.7498620316816,2437_chron
2823,76.75798551254354,2823_chron
5386,76.7645980092355,5386_chron
5298,76.76646645780437,5298_chron
5626,76.77066687952922,5626_chron
4969,76.77142562955503,4969_chron
5544,76.77705694152888,5544_chron
5470,76.78500170357272,5470_chron2
5338,76.78783725539428,5338_chron
5066,76.79323006736438,5066_chron
4936,76.79604219953832,4936_chron
4830,76.79763569933554,4830_chron
5053,76.79926126729545,5053_chron2
5346,76.8044689128996,5346_chron
4158,76.80915963623468,4158_chron
5074,76.8151311412886,5074_chron
4465,76.81554859676099,4465_chron
5560,76.81937844433176,5560_chron
5141,76.82477387393376,5141_chron
5328,76.82837308186606,5328_chron
4955,76.82994760191379,4955_chron
5564,76.83819175860575,5564_acute
4448,76.83956570155286,4448_chron
3558,76.84408507134698,3558_chron
5724,76.84736158451855,5724_chron
5520,76.84954015825214,5520_chron
2913,76.85419275684811,2913_chron
5107,76.85663657699905,5107_chron2
1851,76.86054045049622,1851_chron
4622,76.86202183986175,4622_chron
5001,76.8637514321845,5001_chron2
3662,76.87136703555544,3662_chron
5125,76.87392863297507,5125_chron2
4239,76.88254134270854,4239_chron
3771,76.88320452718952,3771_chron
4685,76.886376094852,4685_chron
4896,76.89108540345946,4896_chron
4967,76.89372974072582,4967_chron
4840,76.902287096569,4840_chron
3443,76.91051729388765,3443_chron
1582,76.91123079532011,1582_chron
5509,76.9168624063058,5509_chron
990,76.9174185283216,990_chron
5303,76.9182473104974,5303_chron
3923,76.91968030437795,3923_chron
5519,76.92031956083562,5519_chron2
5697,76.9284981758652,5697_chron2
5237,76.93182862576582,5237_chron
4961,76.93287884237594,4961_chron
4285,76.93886867181729,4285_chron
4695,76.94094921400898,4695_chron
4569,76.94685880116965,4569_chron
5220,76.94722929101854,5220_chron
4838,76.94923940048865,4838_chron
5318,76.95423858000093,5318_chron
4679,76.96031253813719,4679_chron
5330,76.96043366185015,5330_chron
4346,76.96607264724612,4346_chron
4477,76.96764708727272,4477_chron
4387,76.96788584406441,4387_chron2
3076,76.96996544148367,3076_chron
5524,76.98241288517515,5524_chron
3618,76.98329640305961,3618_chron
5248,76.98437679812908,5248_chron2
5024,76.98539930781702,5024_chron
4290,76.99344001958457,4290_chron
5465,76.99386826832269,5465_chron2
3354,76.99547915224615,3354_chron
4796,77.00770356322964,4796_chron
4767,77.01028145065305,4767_chron
5690,77.0165027110195,5690_chron
5403,77.03007268409283,5403_chron
3732,77.04340619183267,3732_chron
5505,77.04484967667882,5505_chron
2975,77.04831831835861,2975_chron
5501,77.05547155037432,5501_chron
4837,77.07465429999516,4837_chron
5676,77.10187606617858,5676_chron2
2318,77.11406358175394,2318_chron
5109,77.1149376544535,5109_chron
4881,77.11862855583823,4881_chron2
3108,77.1195797797864,3108_chron2
4894,77.12207149753607,4894_chron2
3308,77.12778331762277,3308_chron
5421,77.13888926814785,5421_chron
4891,77.14004048597582,4891_chron2
5388,77.14732560235726,5388_chron
4489,77.16026546205875,4489_chron
3243,77.16192941410269,3243_chron
3767,77.17221463076157,3767_chron
2228,77.17339910740392,2228_chron
3299,77.17434783839987,3299_chron
3021,77.17873942911925,3021_chron
3095,77.18018011844255,3095_chron
2185,77.2045287125342,2185_chron
3258,77.20898973369604,3258_chron
5659,77.2093425450511,5659_chron
3514,77.21236096247291,3514_chron
2578,77.21316315337195,2578_chron
5444,77.21589215244767,5444_chron
5316,77.22047964585059,5316_chron
3833,77.22056304844496,3833_chron
3379,77.22378524277403,3379_chron
2815,77.22477594755787,2815_chron
4801,77.22619790372845,4801_chron
3667,77.23179483384358,3667_chron
4538,77.2390061485232,4538_chron
4615,77.24067959841544,4615_chron
3628,77.25251796810207,3628_chron
3418,77.26423642619822,3418_chron
5278,77.2691405525428,5278_chron
5567,77.27118133130278,5567_chron
5294,77.27637825458277,5294_chron
5669,77.27714968100952,5669_chron2
4764,77.2775160479009,4764_chron
4456,77.27786782767278,4456_chron
2255,77.28723771505847,2255_chron
4705,77.28726101475513,4705_chron
5310,77.28957930320661,5310_chron
5347,77.30541571769403,5347_chron2
5736,77.31038466382783,5736_chron2
5348,77.3303586235033,5348_chron
5643,77.33657190303565,5643_chron
5673,77.35507067480265,5673_chron
5374,77.35639728317614,5374_chron
4300,77.35676922690347,4300_chron2
5282,77.3711487037724,5282_chron
5225,77.37989244363428,5225_chron2
3547,77.38339555710061,3547_chron
4310,77.39747205700391,4310_chron2
5628,77.40083861953788,5628_acute
5384,77.41134889861308,5384_chron2
5522,77.44164055900882,5522_chron
5315,77.4432506692477,5315_chron
5339,77.44402268974729,5339_chron
4789,77.45059877934794,4789_chron
5625,77.45690338672108,5625_chron2
4032,77.47305221310063,4032_chron
5354,77.47579065262468,5354_chron
5095,77.4780098757666,5095_chron2
5404,77.47891759527569,5404_chron
5119,77.49556733191187,5119_chron2
4835,77.49702865590521,4835_chron
4258,77.49989394726222,4258_chron
5424,77.50848576031967,5424_chron
2678,77.51149203055031,2678_chron
2390,77.51301025038147,2390_chron
5589,77.51340776633981,5589_acute2
5665,77.51524151614655,5665_chron2
5454,77.5157926642412,5454_chron
5531,77.51789357480773,5531_chron
5413,77.52147604745808,5413_chron
3593,77.52763907407424,3593_chron
4624,77.53090496722083,4624_chron
4537,77.53274282101899,4537_chron
5473,77.53476774048211,5473_chron
5556,77.53800789535305,5556_chron
2604,77.53893626548697,2604_chron
2312,77.5391052259489,2312_chron
5184,77.5424449440666,5184_chron
4092,77.56646476120717,4092_chron
5417,77.57241289746055,5417_chron2
2961,77.57505020627174,2961_chron
3807,77.58784664286816,3807_chron
3540,77.5917217163203,3540_chron
2538,77.59359155449876,2538_chron
5663,77.59879585264088,5663_chron
5425,77.60722130075017,5425_chron
2872,77.61070867505944,2872_chron
4626,77.6109176991736,4626_chron
5702,77.61829968247386,5702_chron2
2633,77.62289897356568,2633_chron
4038,77.62296281168338,4038_chron
5137,77.62306809128557,5137_chron
3005,77.62483547113233,3005_chron
4170,77.62559368000963,4170_chron
5045,77.6302900067912,5045_chron
2783,77.63491214571103,2783_chron
5844,77.63643029181884,5844_acute2
5620,77.64287641183917,5620_chron
5601,77.65902393423369,5601_chron
3900,77.6590245749254,3900_chron
5180,77.65994634743085,5180_chron
4865,77.6679609898434,4865_chron
5874,77.67497282930367,5874_chron
3551,77.67500847024861,3551_chron
3977,77.70336000588784,3977_chron
5629,77.71874546106572,5629_chron2
4960,77.73110110689339,4960_chron
5782,77.73818787542628,5782_chron2
5091,77.74145027756089,5091_chron
5662,77.7476509857235,5662_chron
4106,77.7522571121319,4106_chron
5709,77.75235397150334,5709_chron
5259,77.75283602949324,5259_chron
2599,77.75973717792257,2599_chron
5572,77.76392237387964,5572_chron
4197,77.77037653375369,4197_chron2
3640,77.77800286522856,3640_chron
4425,77.77844782887341,4425_chron
3305,77.79026367184844,3305_chron
5191,77.79124449491862,5191_chron
5267,77.79231819392754,5267_chron
5364,77.79415395339052,5364_chron
5905,77.7996341061753,5905_chron
5877,77.80205169319994,5877_chron2
5201,77.80662632895819,5201_chron
4605,77.81722881353497,4605_chron
4341,77.8210084565955,4341_chron
2864,77.82419549777975,2864_chron
5067,77.82654966324958,5067_chron
1889,77.8382828011741,1889_chron
1068,77.84079538308602,1068_chron
4499,77.84768669389405,4499_chron
3850,77.84882028561215,3850_chron
3982,77.8497365919113,3982_chron
3861,77.85782122113324,3861_chron
5079,77.85995395732985,5079_chron
5006,77.8714471433697,5006_chron
3878,77.87258698884877,3878_chron
5857,77.88095518381998,5857_chron2
5791,77.88424151558888,5791_chron2
5235,77.88616153147723,5235_chron
4584,77.89559609753903,4584_chron
3415,77.90808454599248,3415_chron
5553,77.91326684654813,5553_chron2
4717,77.9140997251546,4717_chron2
5811,77.92928819353102,5811_chron2
2432,77.93371759458134,2432_chron
4165,77.96437151122656,4165_chron
5729,77.96675402576976,5729_chron2
4985,77.96805642033621,4985_chron
4353,77.96948548859987,4353_chron
4278,77.97472019748774,4278_chron
4196,77.98476792699921,4196_chron
4836,77.98570988031832,4836_chron
5034,77.98742637275991,5034_chron
5004,78.00437939957679,5004_chron
5764,78.00485888337003,5764_chron2
5741,78.01165991282036,5741_chron2
4377,78.01991343761911,4377_chron
3486,78.02150037210646,3486_chron
5205,78.02925715296924,5205_chron2
4244,78.05373135548531,4244_chron
4970,78.05378883465353,4970_chron
5680,78.06008706704675,5680_chron2
2399,78.06440583155795,2399_chron
5313,78.07332233001846,5313_chron2
5160,78.07452601302269,5160_chron
5823,78.076975958566,5823_chron
4723,78.08151303010517,4723_chron
3251,78.09084267569213,3251_chron
4727,78.09669610376405,4727_chron
4984,78.09739919629853,4984_chron
3530,78.09820372022577,3530_chron
5684,78.10524531942046,5684_chron
1394,78.10789590997587,1394_chron
5239,78.11343081073726,5239_chron2
4347,78.12467848283623,4347_chron
1599,78.15132252157176,1599_chron
5606,78.15210289413594,5606_chron2
5806,78.15532281614179,5806_chron
5344,78.15759708341311,5344_chron2
2705,78.16548834716365,2705_chron
5293,78.17342858237866,5293_chron2
5678,78.17452043356377,5678_chron
5903,78.17606082097977,5903_chron2
5683,78.18796480563063,5683_chron
5367,78.19337068174535,5367_chron
5706,78.19595681880243,5706_chron
4819,78.20525791193052,4819_chron
2506,78.20548278460032,2506_chron
4632,78.21500388938546,4632_chron
5930,78.21774844338098,5930_acute2
1519,78.21814623680838,1519_chron
5609,78.22011341517711,5609_chron
1395,78.22627511792514,1395_chron
5738,78.22853144535581,5738_chron
3910,78.23750916055225,3910_chron
5456,78.23966020048707,5456_chron2
5627,78.24077053372974,5627_chron
5083,78.24266546824694,5083_chron2
3959,78.26350462513076,3959_chron
5337,78.27595894567001,5337_chron
4318,78.27888355820429,4318_chron
5112,78.28767925232087,5112_chron
3304,78.29045139699505,3304_chron
2454,78.2919359727344,2454_chron
4570,78.29532958305927,4570_chron
4870,78.3008823050455,4870_chron2
5266,78.303154207221,5266_chron2
2717,78.30842268852791,2717_chron
4544,78.31081768200173,4544_chron
2945,78.31368644838993,2945_chron
2712,78.31416123990194,2712_chron
3229,78.31553503086386,3229_chron
4276,78.32231877908195,4276_chron
2683,78.32755944319031,2683_chron
2708,78.33890506428224,2708_chron
5599,78.35423536707853,5599_chron2
5013,78.36200622543599,5013_chron
1776,78.36429150804676,1776_chron
5412,78.37832031435308,5412_chron
1632,78.3799729519884,1632_chron
5362,78.38365610187617,5362_chron
4036,78.39044258819185,4036_chron
4858,78.39670235280956,4858_chron
2199,78.3990724484527,2199_chron
3119,78.40117164663408,3119_chron
1402,78.4015761466537,1402_chron
5743,78.40737507150254,5743_chron
5693,78.40933848348875,5693_chron
4715,78.41077721824153,4715_chron
3819,78.41253646665916,3819_chron
4887,78.4138353808229,4887_chron
5428,78.42394528233018,5428_chron
2123,78.42788617386779,2123_chron
4053,78.4291674216947,4053_chron
5965,78.43333230416079,5965_chron2
4785,78.44721417618216,4785_chron2
5256,78.45501637416531,5256_chron
5687,78.46024368237296,5687_chron
4753,78.46057082264447,4753_chron
5129,78.46094768613253,5129_chron
5898,78.4672985623519,5898_chron2
5718,78.46741910524253,5718_chron
3237,78.47375850711134,3237_chron
5913,78.47975672316844,5913_chron
5093,78.48141918258368,5093_chron
5517,78.48508300209751,5517_chron
3810,78.4861424922306,3810_chron
4880,78.48667614565375,4880_chron
4611,78.5057610968451,4611_chron2
4734,78.51175348286098,4734_chron
5758,78.51331493555122,5758_chron
4741,78.51351341025061,4741_chron
3035,78.51704297622658,3035_chron
5851,78.51846475501245,5851_chron2
4553,78.51969045170944,4553_chron
4476,78.52347612510431,4476_chron
1670,78.5471308292649,1670_chron
5801,78.54724871921935,5801_chron
5250,78.55428740291312,5250_chron2
5390,78.55492863109237,5390_chron
3962,78.56647832777406,3962_chron
5044,78.56966825948332,5044_chron
5204,78.57133586977528,5204_chron
4367,78.57325977334565,4367_chron
2934,78.57740204200884,2934_chron
5098,78.58164982006575,5098_chron
1510,78.5824070222853,1510_chron
3870,78.58427137932172,3870_chron
4099,78.58502988075088,4099_chron
5511,78.59076816660301,5511_chron
5908,78.5984888459068,5908_chron2
4359,78.60615257938677,4359_chron
3205,78.60832242739933,3205_chron
5483,78.61429247939145,5483_chron2
2372,78.61541914463358,2372_chron
5843,78.62442385204731,5843_chron
5253,78.62494413183632,5253_chron
5336,78.6361186288716,5336_chron2
3047,78.63780220642155,3047_chron
5583,78.63807015144313,5583_chron
3899,78.63950722393902,3899_chron
5216,78.64831925497076,5216_chron
5814,78.66044731952083,5814_chron
5755,78.66144443764634,5755_chron
4933,78.66668275105702,4933_chron
5650,78.67316863780273,5650_chron
5307,78.69871227457342,5307_chron
1479,78.70343455745962,1479_chron
5452,78.70680831671136,5452_chron
2828,78.70908871533295,2828_chron
5854,78.71294714140564,5854_chron2
3984,78.73632757327081,3984_chron
5243,78.74804453698987,5243_chron2
5723,78.74829266391092,5723_chron
3102,78.74954309587868,3102_chron
5766,78.75333614359502,5766_chron2
4480,78.75423256238436,4480_chron
3216,78.75467103250384,3216_chron
4414,78.76216718196747,4414_chron
6044,78.76561482354909,6044_chron2
2714,78.77545033239474,2714_chron
5491,78.77547524671226,5491_chron
4316,78.77799316566713,4316_chron
5173,78.78531020287797,5173_chron
5646,78.79052765411699,5646_chron
5779,78.79761237598238,5779_chron
4659,78.79892065594059,4659_chron
5674,78.80011255944751,5674_chron2
3003,78.80597581820632,3003_chron
5761,78.81058602751995,5761_chron
4015,78.8118000760257,4015_chron
3391,78.81787369114677,3391_chron
5632,78.82801296955657,5632_chron2
2690,78.82890237690755,2690_chron
2509,78.83010375096079,2509_chron
4281,78.83114230006488,4281_chron
4304,78.83690301424448,4304_chron
5289,78.83881085020161,5289_chron
4189,78.83967063567607,4189_chron
4904,78.85749223432948,4904_chron
3008,78.85915543719784,3008_chron
5451,78.86119914408388,5451_chron
4355,78.87551267368234,4355_chron
3218,78.87603063286751,3218_chron
4160,78.89083251991356,4160_chron
6032,78.89677379611526,6032_acute
5283,78.9225822648435,5283_chron2
5445,78.92474997268214,5445_chron
4580,78.92773915399127,4580_chron
5957,78.92880810164512,5957_chron2
5387,78.93667132426292,5387_chron
2396,78.93817701310918,2396_chron
5717,78.93950089999092,5717_chron
4022,78.94249072670284,4022_chron
3295,78.94859043938568,3295_chron
3402,78.95105850662938,3402_chron
5433,78.96225400199269,5433_chron2
2886,78.96775654888617,2886_chron
4546,78.97085986464015,4546_chron
2473,78.97178722673308,2473_chron
5408,78.97441903050598,5408_chron2
4464,78.97733411352353,4464_chron
4882,78.97820841527079,4882_chron
4228,78.98118623910582,4228_chron2
5590,78.98438008943234,5590_chron2
4957,78.98499523827446,4957_chron
6043,78.98900574817077,6043_chron
5579,78.99781665540945,5579_chron
3541,79.00031348000847,3541_chron
1958,79.00210329571655,1958_chron
3579,79.00769908407001,3579_chron
5935,79.00778390860545,5935_chron
4842,79.00787135428489,4842_chron
4817,79.01180341219856,4817_chron
4925,79.01786332404276,4925_chron
5878,79.0225707438116,5878_chron2
5244,79.0256613599673,5244_chron
4765,79.02953984195307,4765_chron
2296,79.03031507477858,2296_chron
5065,79.03658219643064,5065_chron
3553,79.03692232849225,3553_chron
1945,79.03822274372254,1945_chron
4202,79.04587393859997,4202_chron
5604,79.0579129384846,5604_chron2
5838,79.06380612470322,5838_chron2
4475,79.06434486767435,4475_chron2
3427,79.06806341843173,3427_chron
4254,79.07113247374477,4254_chron
4930,79.07597708626429,4930_chron
5798,79.0803936936169,5798_chron2
2887,79.08522384918285,2887_chron
2360,79.0994318231885,2360_chron
3312,79.10378235284033,3312_chron
5302,79.11321628399587,5302_acute
4502,79.11441043537576,4502_chron2
6025,79.12079530566068,6025_chron
4917,79.12135340060989,4917_chron
4192,79.12339877496463,4192_chron2
4873,79.13167186405187,4873_chron
5153,79.13216171372108,5153_chron
5750,79.13865342754795,5750_chron2
5064,79.13910472082641,5064_chron
4903,79.13953997314893,4903_chron
5773,79.14620404669505,5773_chron2
4097,79.14655032486009,4097_chron
5846,79.1482070025412,5846_chron
1477,79.15408429571104,1477_chron
4190,79.15814080287099,4190_chron
5655,79.16251322472255,5655_chron
5705,79.16288676807791,5705_chron
5504,79.16462988039939,5504_chron2
4843,79.17127647157187,4843_chron
5780,79.17658384037455,5780_chron
5084,79.18000292464983,5084_chron
5881,79.18048261644273,5881_chron
3739,79.18059493548574,3739_chron
5426,79.18265179527,5426_chron
5429,79.2040642119653,5429_chron2
5516,79.20619842633384,5516_chron2
6021,79.2094874358642,6021_chron
4109,79.22070846011381,4109_chron
5925,79.22364544910826,5925_chron
1087,79.22954002279116,1087_chron
5090,79.22974431990114,5090_chron
4517,79.23091856982309,4517_chron
5648,79.23653877506115,5648_chron
5199,79.23826249723008,5199_chron
5376,79.24108128892681,5376_chron2
5133,79.24475642489935,5133_chron
6096,79.25735016522042,6096_chron
5081,79.25947625566837,5081_chron2
6061,79.2621613225512,6061_acute
2632,79.26338957071982,2632_chron
5961,79.26633175437861,5961_chron2
5799,79.26809063897832,5799_acute
5477,79.27066760952677,5477_chron
5624,79.28472629715637,5624_chron2
3502,79.30050542758266,3502_chron
5115,79.30831633823983,5115_chron
3716,79.3172285462996,3716_chron
4518,79.32333830985957,4518_chron
4271,79.32352181939322,4271_chron
2453,79.32370140672008,2453_chron
5869,79.32388672686058,5869_chron2
3625,79.33216530620166,3625_chron
4256,79.33243031324146,4256_chron
5740,79.33575761185081,5740_chron
4988,79.33710976554266,4988_chron
3112,79.34698227742025,3112_chron
3394,79.35029765813216,3394_chron
3705,79.35561995418026,3705_chron
5574,79.35566630307048,5574_chron
4087,79.36073197383527,4087_chron
5512,79.36410352286848,5512_chron
5748,79.36498823346152,5748_chron
5394,79.36797082671282,5394_chron
2081,79.37232309479103,2081_chron
5911,79.37282246372405,5911_chron
5370,79.37590338154735,5370_chron
3879,79.38178733886156,3879_chron
4641,79.38628446560514,4641_chron
5914,79.38679685915956,5914_chron
3380,79.3874780026489,3380_chron
5586,79.39065106039348,5586_chron
2150,79.3965601741124,2150_chron
5542,79.39738791911003,5542_chron
1849,79.41037570914189,1849_chron
4991,79.41816520683595,4991_chron
5479,79.42252741358311,5479_chron2
5341,79.42757290101459,5341_chron2
4155,79.4329837329993,4155_chron
3779,79.43924729578735,3779_chron
4993,79.44475919307365,4993_chron
5670,79.44480220006082,5670_chron
5378,79.45511569716999,5378_chron2
4995,79.46023364619091,4995_chron
3728,79.46725041628497,3728_chron
5834,79.47707331246322,5834_chron
3617,79.4933180753198,3617_chron
3846,79.50691547318087,3846_chron
1750,79.50723752368323,1750_chron
5523,79.51389712699941,5523_chron2
3955,79.51740511032484,3955_chron
5276,79.52614752161477,5276_chron
5471,79.52628988702995,5471_chron
5492,79.5269515708649,5492_chron
2309,79.53008838463751,2309_chron
4380,79.53210978064111,4380_chron
1535,79.53266646895236,1535_chron
4261,79.55082884084685,4261_chron
5876,79.55739259578905,5876_chron
5600,79.56110447268863,5600_chron
5605,79.56558009702712,5605_chron
6091,79.56839703234621,6091_chron
3859,79.5724587365172,3859_chron
5022,79.5740404981367,5022_chron
4361,79.5758217143691,4361_chron
6014,79.57691514754421,6014_chron2
4999,79.58213660152856,4999_chron
4657,79.58630138490719,4657_chron
5598,79.59341307547115,5598_chron2
4953,79.59529954400384,4953_chron
3224,79.59596392902287,3224_chron
5327,79.61068462016858,5327_chron
5277,79.61172578802622,5277_chron
4666,79.61503614957815,4666_chron
5827,79.61634322581858,5827_chron
4426,79.62334668391144,4426_chron
5654,79.63031596888617,5654_chron
5829,79.64355063383184,5829_chron2
6059,79.65722968946451,6059_chron2
4935,79.66667146990956,4935_chron
2014,79.67086241949104,2014_chron
5539,79.67214166731873,5539_chron
5821,79.67239400402194,5821_chron
5361,79.6732178183667,5361_chron
5927,79.67930057848943,5927_acute
5036,79.68621569266479,5036_chron
5699,79.69887550116455,5699_chron
4883,79.701573043193,4883_chron
4651,79.70309191042189,4651_chron
4458,79.70580188277849,4458_chron
3692,79.71014123420026,3692_chron
5975,79.71039919441274,5975_chron2
5467,79.71071356344444,5467_chron
5261,79.71286388055178,5261_chron
5258,79.71489790567077,5258_chron
5622,79.72703687144492,5622_chron2
6156,79.73497337680826,6156_chron2
5910,79.7361558445774,5910_chron
4757,79.73931353509221,4757_chron
6184,79.74347312562048,6184_chron2
2710,79.74403717204083,2710_chron
6124,79.74670324116912,6124_chron
4697,79.75445841195277,4697_chron
4349,79.75589536881928,4349_chron2
5273,79.75820902488691,5273_chron
5850,79.7654714304511,5850_chron
3487,79.77604227207124,3487_chron
5441,79.78630484399261,5441_chron
3693,79.78787909673655,3693_chron
5096,79.79337514741718,5096_chron
4928,79.80229757893267,4928_chron
5774,79.813030141347,5774_chron
5461,79.81529592901987,5461_chron
3387,79.8205460404018,3387_chron
4876,79.82755001721111,4876_chron
5619,79.84123321582591,5619_chron
5677,79.8418511434156,5677_chron
5495,79.84678569168852,5495_chron
5100,79.85404079374774,5100_chron
4051,79.86153045359713,4051_chron
5434,79.86335108481838,5434_chron
5418,79.88332050873062,5418_chron
4009,79.88563784772634,4009_chron
3429,79.88888085888671,3429_chron
3445,79.89593031130086,3445_chron
5530,79.89601264054055,5530_chron
3656,79.89935663066069,3656_chron
5809,79.89967819956348,5809_chron2
2311,79.90938597957346,2311_chron
5608,79.91627949046286,5608_chron
5554,79.92122078290195,5554_chron
5803,79.92701360407919,5803_chron2
4599,79.92957210462666,4599_chron
5819,79.94042513453638,5819_chron
5218,79.94396378132409,5218_chron
4059,79.94524433034702,4059_chron
3007,79.94976899166265,3007_chron
5431,79.95336811309383,5431_chron2
3811,79.9614230428736,3811_chron
5902,79.9685258545713,5902_chron
5977,79.97573712322028,5977_chron
5849,79.98981129753297,5849_chron2
4886,79.9906001407779,4886_chron
5377,80.00485011993325,5377_chron
3290,80.01474438561503,3290_chron
3000,80.02211822747071,3000_chron
2316,80.02616231834318,2316_chron
2049,80.02733650796105,2049_chron
4291,80.02751781599733,4291_chron2
4931,80.02980977135532,4931_chron
6165,80.03806451277163,6165_chron2
4691,80.04215800405221,4691_chron
5203,80.04922364114287,5203_chron
5826,80.05283518502274,5826_chron
4048,80.06431551758187,4048_chron
3665,80.06537612754548,3665_chron
5856,80.0931864804699,5856_chron2
5732,80.09471595873129,5732_chron2
5031,80.10698398174095,5031_chron
5900,80.10764585653867,5900_chron2
5763,80.10898376081656,5763_chron
3659,80.11071270489751,3659_chron
2620,80.11501712199316,2620_chron
2229,80.11717325721855,2229_chron
6031,80.12651193475001,6031_chron
321,80.13242244502796,321_chron
5163,80.13656260090684,5163_chron
4100,80.14240690363327,4100_chron
5872,80.14262867737378,5872_chron
4183,80.14574823029236,4183_chron
3827,80.14760851528325,3827_chron
5581,80.15853810060595,5581_chron
5634,80.15972348033092,5634_chron2
5016,80.17045648258909,5016_chron
5271,80.1813347142211,5271_chron
4854,80.19223777513928,4854_chron
5011,80.19406598745219,5011_chron
5575,80.19984113834042,5575_chron
5041,80.21730841315808,5041_chron
3317,80.22093824198726,3317_chron
4436,80.2232880085123,4436_chron
5382,80.225128445895,5382_chron
4621,80.23938636460369,4621_chron
4266,80.26896839961128,4266_chron
5679,80.27617392737892,5679_chron
4660,80.28373142367931,4660_chron
6148,80.28528439544843,6148_chron
5263,80.288751342325,5263_chron
4607,80.29655044222847,4607_chron
4577,80.29906510101196,4577_chron
4024,80.30205311479116,4024_chron
5621,80.3029135080608,5621_chron
3522,80.31371313754842,3522_chron
5475,80.33563208842786,5475_chron
5430,80.34424285766465,5430_chron
5973,80.36139209880848,5973_chron
4417,80.37309893911474,4417_chron
6121,80.38588234376502,6121_chron
5515,80.3943496448473,5515_chron
6219,80.39708250992788,6219_acute
2059,80.40190109086787,2059_chron
4098,80.40246798298509,4098_chron
4524,80.40275089533736,4524_chron
5862,80.4154988186644,5862_chron
6099,80.4159428213693,6099_chron2
5593,80.41833242092446,5593_chron
5991,80.42161403596965,5991_chron
3496,80.42867219664616,3496_chron
4280,80.4294232140499,4280_chron
3365,80.43407374313031,3365_chron2
2254,80.43609304903333,2254_chron
6103,80.44173124998868,6103_chron2
5963,80.44865213785062,5963_chron2
5166,80.45897110804908,5166_chron
5247,80.46249505771735,5247_chron2
1615,80.46901966735064,1615_chron
6250,80.47623188432388,6250_chron2
6013,80.48099090362399,6013_chron
5630,80.48129723007807,5630_chron
6127,80.48803295986494,6127_chron
5023,80.49756845926326,5023_chron2
5924,80.50087823812537,5924_chron2
4362,80.51056700653814,4362_chron
5446,80.5113234169205,5446_chron
2768,80.51390752174353,2768_chron
5400,80.51569962711552,5400_chron
3762,80.51600259714897,3762_chron
6264,80.5165186575636,6264_chron
5640,80.52500328930101,5640_chron2
4752,80.5260609701939,4752_chron
5506,80.53416063420273,5506_chron
5858,80.53835444820882,5858_chron
4226,80.5440332736424,4226_chron
5331,80.54637242332991,5331_chron
5462,80.5555922676921,5462_chron
6167,80.55727656572853,6167_chron
3460,80.56514499482871,3460_chron
4596,80.57039193719477,4596_chron
6279,80.59650370244331,6279_chron2
5712,80.5975363127294,5712_chron
5986,80.6085753040965,5986_chron2
5128,80.61333074625307,5128_chron
4739,80.62373354963077,4739_chron
6202,80.62526455615932,6202_chron
4486,80.62548200028027,4486_chron
3776,80.62553632920086,3776_chron
6098,80.62645253387815,6098_chron
5675,80.62895232304678,5675_chron
4779,80.63126310118352,4779_chron
5796,80.65352399634205,5796_chron
5753,80.66127548760642,5753_chron
6141,80.66231022636453,6141_chron2
5178,80.67092052362327,5178_chron
5962,80.68077312901835,5962_chron
6104,80.6870032615679,6104_chron
5820,80.6964649488006,5820_chron
5541,80.7032331090017,5541_chron
4264,80.71826727575016,4264_chron2
3249,80.7275348073107,3249_chron
3279,80.72932419859758,3279_chron
6176,80.72985045857936,6176_chron
4923,80.73260909008883,4923_chron
5871,80.7349285206523,5871_chron
3669,80.73597149467253,3669_chron
2216,80.7369113503108,2216_chron
5804,80.73743070429278,5804_chron
5958,80.74207271205916,5958_chron
6190,80.74384242866972,6190_chron
5342,80.7448971480674,5342_chron
3918,80.74622365389446,3918_chron2
6166,80.75346579574412,6166_chron
5463,80.75976075734278,5463_chron2
5037,80.76491805530343,5037_chron
2994,80.76632452600222,2994_chron
4808,80.76638514741707,4808_chron2
4636,80.77149917435821,4636_chron
4920,80.78061226462202,4920_chron2
3645,80.78371642909224,3645_chron
3062,80.78749281730316,3062_chron
5317,80.78885173492553,5317_chron
4120,80.7916646366997,4120_chron
5830,80.7943611121687,5830_chron2
5563,80.79516370231173,5563_chron2
6022,80.7986965313176,6022_chron
4631,80.80673898273243,4631_chron
5304,80.8094257053433,5304_chron
6072,80.817232333603,6072_chron
5775,80.81855470527962,5775_chron
3107,80.8187903274665,3107_chron
6123,80.82168068711444,6123_chron
4324,80.86263985564675,4324_chron
4812,80.86571642950604,4812_chron
3548,80.86683129750561,3548_chron
5865,80.87567572628775,5865_chron
4623,80.87620426966281,4623_chron
4415,80.88019910293191,4415_chron
5987,80.88686418432658,5987_chron
5981,80.90492980816636,5981_chron
5097,80.90976713239914,5097_chron2
4235,80.91200155863096,4235_chron
5395,80.9127394656417,5395_chron2
5999,80.9144081592878,5999_chron
3581,80.92052542073435,3581_chron
5193,80.92480309402403,5193_chron
3498,80.92917493917683,3498_chron
2796,80.93019732602355,2796_chron
5949,80.93624635442299,5949_chron
5836,80.94129572264652,5836_chron
5565,80.96279016133943,5565_chron
2987,80.96477483983125,2987_chron
2414,80.97285104430937,2414_chron
5770,80.97881149557463,5770_chron
5440,80.98261828783211,5440_chron2
4863,80.98505621034062,4863_chron
6188,80.98812208090875,6188_chron2
6102,80.99171193269225,6102_chron
4555,80.99198392680245,4555_chron
5170,81.01331089438762,5170_chron
5658,81.01461264570665,5658_chron
4973,81.0372721766954,4973_chron
3276,81.0392200559351,3276_chron
6018,81.04606076940556,6018_chron
5892,81.04708098457733,5892_acute
5211,81.05171105943886,5211_chron
6155,81.05224122541681,6155_chron
5397,81.0540079636056,5397_chron
5329,81.06044010104115,5329_chron2
4372,81.06166346891347,4372_chron
4442,81.06580532480756,4442_chron
4853,81.07421484689897,4853_chron
2132,81.07645661827654,2132_chron
6245,81.08606167715574,6245_acute
5240,81.09311902110012,5240_chron
4740,81.10595729066418,4740_chron
3212,81.109438396225,3212_chron
6261,81.119666291222,6261_chron
4818,81.11988701747111,4818_chron
5046,81.12286550490943,5046_chron
5468,81.12767159683634,5468_chron
5859,81.12859932886155,5859_chron2
4681,81.12968628768705,4681_chron
3911,81.1351605435069,3911_chron
5550,81.14397033280063,5550_chron
5391,81.15151843050866,5391_chron
5968,81.15696541434923,5968_chron
6017,81.16001725922779,6017_chron2
3291,81.16839702354756,3291_chron
5916,81.17450177766213,5916_chron
6249,81.17470266511442,6249_chron
6191,81.17951844576754,6191_chron2
4901,81.18608744038224,4901_chron
5457,81.18633323768601,5457_chron
5275,81.18745972369362,5275_chron2
6147,81.1884337705138,6147_chron
4401,81.19018491936053,4401_chron
5882,81.19043702995302,5882_chron
4892,81.19471143659827,4892_chron
4373,81.2015877843334,4373_chron
6343,81.20165195033555,6343_chron
6053,81.20284519191348,6053_chron2
4944,81.20736544920233,4944_chron
6180,81.22364711514763,6180_chron
5960,81.22831032198047,5960_chron2
5078,81.2325912072901,5078_chron
6161,81.23431866187622,6161_chron
5057,81.24046437151722,5057_chron
5460,81.25235241231127,5460_chron2
2569,81.26751568277253,2569_chron
6085,81.26807313751142,6085_chron2
6330,81.2727532109438,6330_chron
1786,81.2766830373892,1786_chron
6005,81.28055114228238,6005_chron2
5637,81.28269923549652,5637_chron
4929,81.29832162769554,4929_chron
6020,81.30402068852234,6020_chron2
4782,81.30415850751902,4782_chron
6340,81.30827781420238,6340_chron
5664,81.30927263083905,5664_chron2
5672,81.31455061680155,5672_chron2
6197,81.316110032478,6197_chron
6097,81.3263141699069,6097_chron
4687,81.32654941239593,4687_chron
4846,81.32782514372175,4846_chron
5932,81.32890719086308,5932_chron
6287,81.32976518187309,6287_chron2
4724,81.33000611851953,4724_chron
5232,81.33292974473777,5232_chron
1588,81.33446372952623,1588_chron
3633,81.36785747604509,3633_chron
6229,81.37155672640196,6229_chron
5863,81.37523099440772,5863_chron
6129,81.38079626975559,6129_chron
5613,81.39021012104881,5613_chron2
4208,81.3917735226581,4208_chron
4805,81.39838001456421,4805_chron
4763,81.40024996443024,4763_chron
6139,81.40390816152706,6139_chron
2521,81.40697648953183,2521_chron
4814,81.40852631723568,4814_chron
5226,81.41159735049081,5226_chron
4816,81.4179454071995,4816_chron
4149,81.42169486224005,4149_chron
6242,81.43061493304013,6242_chron
5947,81.43473366494027,5947_chron2
5373,81.43707328633421,5373_chron
5207,81.43953110570567,5207_chron2
5996,81.44238381994181,5996_chron
1996,81.45921334261133,1996_chron
4639,81.46085955737823,4639_chron
4795,81.46857633496688,4795_chron
2510,81.47061117807134,2510_chron
6034,81.47501843568655,6034_chron2
4700,81.47508247181081,4700_chron
5183,81.47880357706562,5183_chron
1674,81.4896273381973,1674_chron
4541,81.49408131528864,4541_chron
5264,81.49456753276336,5264_chron2
6230,81.5139204768975,6230_chron2
4915,81.52274727552724,4915_chron2
4942,81.53400039243074,4942_chron
6138,81.54992397953582,6138_chron
4665,81.57078098173594,4665_chron
5616,81.57217133829467,5616_chron
6008,81.57593550413033,6008_chron2
5423,81.5860900142466,5423_chron
6178,81.59632202407876,6178_chron
5921,81.60598210835559,5921_chron
4674,81.6164220034924,4674_chron
3071,81.61744897907641,3071_chron
5769,81.61947584335454,5769_chron
4231,81.6223992060898,4231_chron
5786,81.62307818851583,5786_chron
5379,81.65219873109653,5379_chron2
5795,81.65672897926534,5795_chron
6254,81.66311984847356,6254_chron
5032,81.66891446126269,5032_chron2
5197,81.67512641731022,5197_chron
6026,81.67926670726709,6026_chron
6432,81.70322457490792,6432_chron
2443,81.71090157109468,2443_chron
4556,81.71694007089623,4556_chron
5710,81.73266370471484,5710_chron
6006,81.73683202159147,6006_chron
5594,81.75548553780315,5594_chron2
6012,81.76007067384016,6012_chron
3950,81.77262726534416,3950_chron
5907,81.78373755613781,5907_chron
885,81.79615000658684,885_chron
5681,81.80669667679791,5681_chron
5230,81.80730647779626,5230_chron2
6294,81.81851197985286,6294_chron2
3932,81.8194771672767,3932_chron
5917,81.82143710206412,5917_chron
6220,81.82210638236646,6220_chron2
5721,81.8342524305845,5721_chron
5301,81.83837506162855,5301_chron
4527,81.84049125934956,4527_chron2
4573,81.84180234330988,4573_chron
5771,81.84353846677931,5771_chron2
6221,81.84542573853118,6221_acute
5290,81.85161260539611,5290_chron2
6130,81.85177903325359,6130_chron2
5885,81.85800735414672,5885_chron
5719,81.86121089556478,5719_chron
4021,81.87233558216937,4021_chron
3424,81.87865422868687,3424_chron
6195,81.87961023547692,6195_chron
6042,81.88873661125925,6042_chron
6319,81.89119875306378,6319_chron2
4193,81.902295305858,4193_chron
4905,81.90258808325325,4905_chron
5671,81.90709851108001,5671_chron
6350,81.9153682985583,6350_chron2
5700,81.92047817060342,5700_chron2
5487,81.92328318892866,5487_chron
5931,81.92711586629999,5931_chron
4536,81.92899671298639,4536_chron
872,81.92989413153846,872_chron
5551,81.93019910060437,5551_chron
5951,81.94147432247026,5951_chron
5314,81.95782249516985,5314_chron
5578,81.9617745901757,5578_chron
5101,81.96762942392463,5101_chron
3652,81.97300294613902,3652_chron
6051,81.97475334553897,6051_chron
6412,81.97644421511264,6412_chron
2936,81.9858591486642,2936_chron
1289,81.98892586319185,1289_chron
2737,81.99377536390064,2737_chron
5866,82.00248123498992,5866_chron
5206,82.02293520109471,5206_chron
5527,82.02577517206288,5527_chron
4593,82.0280508660135,4593_chron
6248,82.03543514366343,6248_chron2
4798,82.03875616854545,4798_chron
5489,82.04230277640154,5489_chron
6226,82.04357202527747,6226_chron
6232,82.05118294347969,6232_chron
4731,82.05721184641769,4731_chron
5660,82.06208444136169,5660_chron
5812,82.07059720482572,5812_chron
5722,82.07406188414237,5722_chron
3504,82.07456890600518,3504_chron
4210,82.07617924816716,4210_chron
5186,82.07641411063935,5186_chron
6144,82.07702540612169,6144_chron2
3470,82.08580315354382,3470_chron
5126,82.09178926494891,5126_chron2
5976,82.09932150328474,5976_chron2
2036,82.10187103231033,2036_chron
6280,82.11488762984666,6280_chron
4466,82.11688537988634,4466_chron
6457,82.12134578720854,6457_acute
6447,82.15164642906272,6447_chron
5508,82.15312032139535,5508_chron2
5114,82.15478297420378,5114_chron
5369,82.17462566405909,5369_chron2
5754,82.18469576840545,5754_chron
5666,82.18686471164932,5666_chron
5496,82.19881423148588,5496_chron2
5993,82.19909903839685,5993_chron
5033,82.19930455077854,5033_chron
5689,82.21198820878863,5689_chron
6107,82.21504994857109,6107_chron
3303,82.21919776537764,3303_chron
6336,82.22012819909762,6336_chron
6443,82.24185816372885,6443_chron2
5746,82.24445952702193,5746_chron
5845,82.2470724515021,5845_chron
6187,82.24820961356345,6187_chron
5970,82.25950708385837,5970_chron
6310,82.26484202525965,6310_chron2
3073,82.26655112000267,3073_chron
5198,82.2680958775059,5198_chron
5500,82.26992804389654,5500_chron
3575,82.26998160912608,3575_chron
6048,82.27490502866424,6048_chron
2577,82.28100083618155,2577_chron
4506,82.28152788962531,4506_chron
2560,82.29353278716884,2560_chron
5432,82.29353686872962,5432_chron
2735,82.30139127920027,2735_chron
3750,82.30716075105063,3750_chron
4630,82.32487782624571,4630_chron
6362,82.32831104284509,6362_chron2
5800,82.3327273281314,5800_chron
5549,82.3339020017008,5549_chron
5668,82.34654542743334,5668_chron2
6081,82.34832368433295,6081_chron
5143,82.34918388596509,5143_chron2
5794,82.35575297276192,5794_chron
6501,82.36348036314727,6501_chron2
3214,82.36842299810638,3214_chron
4398,82.36898108994008,4398_chron
4889,82.3698365941449,4889_chron
5233,82.38059312128604,5233_chron
5879,82.38302569864838,5879_chron
4487,82.38824190241739,4487_chron
5035,82.38958901466357,5035_chron2
5414,82.3940411053178,5414_chron
6303,82.40056476723663,6303_chron2
3554,82.40445330299545,3554_chron
2027,82.41854703184737,2027_chron
5305,82.4196702566811,5305_chron
6354,82.422646365255,6354_chron2
5333,82.43256648301201,5333_chron
5698,82.43735526275485,5698_chron
6295,82.45025920254413,6295_chron2
5222,82.45804317810354,5222_chron
1972,82.4608803544848,1972_chron
4407,82.46136146024908,4407_chron
5571,82.46153510192956,5571_chron
6076,82.46222540485438,6076_chron
4913,82.47683127423834,4913_chron
6185,82.48292900525797,6185_chron
5584,82.48739953099223,5584_chron
5837,82.48807014265415,5837_chron2
6497,82.48844036031498,6497_chron2
5000,82.49174900669382,5000_chron
5059,82.49986145950855,5059_chron
5726,82.507056823647,5726_chron
6477,82.5098795731239,6477_chron
4013,82.5111438742239,4013_chron
5720,82.51448334566604,5720_chron
3490,82.51948252137858,3490_chron
6153,82.52892658924952,6153_chron
6149,82.53364546643981,6149_chron
5569,82.54174038263909,5569_chron
1265,82.55620306302512,1265_chron
6119,82.55658219294175,6119_chron
5552,82.55936577841153,5552_chron
5299,82.56698831923786,5299_chron
5309,82.5679162631504,5309_chron
4102,82.5697974139743,4102_chron
5555,82.57811745126872,5555_chron
4850,82.58947657324562,4850_chron
2342,82.6011277986263,2342_chron
6024,82.61707626781867,6024_chron
5383,82.61738282139987,5383_chron
5749,82.61978788408902,5749_chron
6241,82.62169916083086,6241_chron
6212,82.62915674731491,6212_chron
6227,82.63182070735233,6227_chron
5453,82.64065835629714,5453_chron
3491,82.649958289291,3491_chron
4851,82.65063270105325,4851_chron
5436,82.65585088098588,5436_chron
5733,82.66077313108372,5733_chron
5306,82.66850406993058,5306_chron
5117,82.67876400554555,5117_chron
6171,82.68466941990252,6171_chron
6116,82.68820512046523,6116_chron
6357,82.69191221698605,6357_chron2
5513,82.69438705579915,5513_chron
6266,82.70247925015863,6266_chron
5286,82.70990388698688,5286_chron
5591,82.73136409453933,5591_chron
6217,82.7334837470343,6217_chron
4422,82.73792576079668,4422_chron
3829,82.76103342337701,3829_chron
6297,82.76110997757661,6297_chron2
4084,82.78164827115566,4084_chron
4571,82.78669804823839,4571_chron
6510,82.78786454800269,6510_chron
3434,82.79317159352053,3434_chron
5009,82.79746361567722,5009_chron
5325,82.80196436257292,5325_chron
4972,82.80312689266258,4972_chron
5398,82.80878656008943,5398_chron
4747,82.80962677295713,4747_chron
5784,82.81398571066757,5784_chron
5840,82.82374901256922,5840_chron
5703,82.82472295284411,5703_chron2
6327,82.82561863603006,6327_chron
6389,82.85059474487224,6389_chron2
4345,82.85119899996774,4345_chron
5909,82.85639550407119,5909_chron
4484,82.86357575277651,4484_chron
4625,82.86743720886773,4625_chron
5532,82.87040779398396,5532_chron
4703,82.87263317485666,4703_chron
5558,82.876186823721,5558_chron
5716,82.87879587636043,5716_chron
5435,82.88242540610136,5435_chron2
6554,82.88820240003909,6554_chron2
5094,82.8940413368301,5094_chron
4832,82.89493844680005,4832_chron
5499,82.89607066903575,5499_chron
6118,82.89733815594022,6118_chron2
6453,82.89844216332826,6453_chron
5825,82.90363873428852,5825_chron
3337,82.91095099864204,3337_chron
6062,82.91929295754514,6062_chron
6379,82.92530092714723,6379_chron
6145,82.92719163733042,6145_chron
4877,82.92872223985657,4877_chron2
6038,82.92955156951327,6038_chron2
2477,82.9331580308333,2477_chron
6268,82.94423891003817,6268_chron
5686,82.94602750258659,5686_chron
5950,82.94942554604216,5950_chron
6090,82.95814592618551,6090_chron
6346,82.95952945500392,6346_chron2
5455,82.9676871489902,5455_chron
6344,82.97049162789382,6344_chron2
4090,82.9755710115004,4090_chron
5873,82.98097703279485,5873_chron
4396,82.98453813220098,4396_chron
6341,82.98913048432121,6341_chron
6493,82.99186099572631,6493_chron
4600,82.99446257578177,4600_chron
3360,83.00126114198548,3360_chron
4860,83.00769694200434,4860_chron
3905,83.01033778452464,3905_chron
5969,83.01255344843221,5969_chron
5502,83.03219056127497,5502_chron
5291,83.03489136491883,5291_chron
3791,83.03517374279511,3791_chron
6082,83.03838650291331,6082_chron2
4319,83.04784352321005,4319_chron
5645,83.05326429963772,5645_chron2
5727,83.06829727314694,5727_chron2
4094,83.07020267155326,4094_chron
4771,83.07327412173203,4771_chron
4525,83.07355896516621,4525_chron
6538,83.08340156016183,6538_chron
6035,83.0895276994106,6035_chron
3129,83.0935218041585,3129_chron
3536,83.09890531881564,3536_chron
6429,83.09919340373322,6429_chron
6380,83.10096569842777,6380_chron2
6394,83.11868942451126,6394_chron
5356,83.11969202354359,5356_chron
5174,83.13057013794489,5174_chron
6531,83.14094344547418,6531_chron
6449,83.14529826897642,6449_chron
5891,83.14691450632274,5891_chron
4242,83.14955332428974,4242_chron
4089,83.15161105849846,4089_chron
5704,83.16373132434796,5704_chron
2105,83.18283980672037,2105_chron
5257,83.18315821388369,5257_chron
5787,83.18739284043481,5787_chron
5219,83.19387047112083,5219_chron
5029,83.20178557620046,5029_chron
5853,83.2100233067228,5853_chron
5147,83.21135438009937,5147_chron
3563,83.21619536357676,3563_chron
3359,83.22346228011793,3359_chron
3549,83.23161622639077,3549_chron
2711,83.23186745908033,2711_chron
5966,83.24237966392424,5966_chron
5030,83.24409210806932,5030_chron
2190,83.25611932348225,2190_chron
6322,83.27244860585377,6322_chron2
5561,83.27275933270964,5561_chron
6621,83.2818566083492,6621_acute2
3539,83.28243390913813,3539_chron
6122,83.28406571591478,6122_chron
4971,83.28500082942881,4971_chron
6306,83.28649945177504,6306_chron
5122,83.29086164374351,5122_chron
5416,83.2925886447363,5416_chron
2243,83.30306216163584,2243_chron
4614,83.3037635738817,4614_chron
6577,83.30945625560453,6577_chron
5888,83.31387454756388,5888_chron
4811,83.31444711517806,4811_chron
5942,83.32183590592626,5942_chron2
6458,83.32622501219626,6458_chron
6616,83.33451397891388,6616_acute
6552,83.33824829626585,6552_chron2
6614,83.34168755201785,6614_acute
4374,83.34649871251725,4374_chron
1794,83.35933083882944,1794_chron
6607,83.36053012687259,6607_chron2
6637,83.36831702697349,6637_chron
6023,83.37757654178655,6023_chron
1583,83.37812718844145,1583_chron
2082,83.38925532283754,2082_chron
6015,83.39557076670101,6015_chron
5188,83.39582030968029,5188_chron
6003,83.39839495165042,6003_chron
5955,83.40765249713142,5955_chron
4786,83.41608897518677,4786_chron
6383,83.41918657917458,6383_chron
6324,83.42962914490478,6324_chron2
5783,83.43297980501796,5783_chron
5978,83.44531736060831,5978_chron
5890,83.4487109111807,5890_chron
6234,83.4602465127291,6234_chron
4834,83.46525214617996,4834_chron
5982,83.46887557390029,5982_chron
6109,83.47668345744447,6109_chron
4530,83.47700253211787,4530_chron
2214,83.48059920214656,2214_chron
4498,83.48610174405532,4498_chron
3064,83.49028228487754,3064_chron
6524,83.49462868327632,6524_chron
6521,83.49597232876155,6521_chron
5657,83.51593004480485,5657_chron
4619,83.5292340579525,4619_chron
5353,83.53775999627764,5353_chron
6204,83.53981925495043,6204_chron2
6466,83.54281852455068,6466_chron
6555,83.56305502769801,6555_chron2
6667,83.56825312981977,6667_acute2
6337,83.5710625605262,6337_chron
1912,83.58920308174031,1912_chron
4082,83.5926966455329,4082_chron
2381,83.59486581190785,2381_chron
3735,83.6027445033055,3735_chron
6320,83.60620660551193,6320_chron
6291,83.60867055582278,6291_chron
4946,83.61834808392807,4946_chron
4449,83.6193108473297,4449_chron
5548,83.61966145717763,5548_chron
2860,83.62461209012216,2860_chron
6655,83.63225713086392,6655_chron
5427,83.6402917828667,5427_chron
6049,83.64441873080776,6049_chron
6441,83.64782990785878,6441_chron
2563,83.64984913482337,2563_chron
3301,83.65420656439932,3301_chron
5562,83.66609049846492,5562_chron
4446,83.67630788882599,4446_chron
6257,83.68212089924108,6257_chron2
6430,83.68395289157814,6430_chron
5172,83.68772506501736,5172_chron
1892,83.69524555345215,1892_chron
6490,83.70747655552957,6490_chron
3467,83.70835727603175,3467_chron
6275,83.7203707898861,6275_chron2
5920,83.73448732118239,5920_chron
6136,83.74395463654314,6136_chron
6557,83.7598845045937,6557_chron
5972,83.76704875830082,5972_chron
5480,83.77903419236473,5480_chron
5360,83.78786122548047,5360_chron
6086,83.80525783490783,6086_chron
4513,83.8088921884446,4513_chron
6347,83.8127867916371,6347_chron2
5389,83.82096103924174,5389_chron
6095,83.8239796611697,6095_chron
5759,83.82407697304524,5759_chron
6605,83.8270714519791,6605_acute2
6709,83.83729275597517,6709_chron
6108,83.84208164129065,6108_chron
3661,83.8500805329039,3661_chron
5570,83.85297129529927,5570_chron2
6270,83.85872302012632,6270_chron
6549,83.87064135182627,6549_chron2
5789,83.87269662437586,5789_chron
5612,83.88008503876713,5612_chron
5899,83.88644193635561,5899_chron
6186,83.89113872590107,6186_chron
5050,83.89704156215875,5050_chron
6489,83.90064347339941,6489_chron
4921,83.90511414562836,4921_chron2
6630,83.90620322428336,6630_chron
5474,83.91050606562528,5474_chron
3907,83.9105715706865,3907_chron
3557,83.9238645353371,3557_chron
3436,83.92493126271998,3436_chron
4549,83.92953773596865,4549_chron
5946,83.94060958383366,5946_chron
6575,83.94984439461396,6575_chron2
6209,83.95732956397252,6209_chron
4434,83.95902344794546,4434_chron
4648,83.96856286454276,4648_chron
6597,83.97680567690759,6597_chron2
3946,83.97824837944698,3946_chron
5971,83.98200461274918,5971_chron
5747,83.99936729322773,5747_chron
6393,84.015082115186,6393_chron
6080,84.03288115043014,6080_chron
6648,84.03646748939387,6648_chron2
5573,84.03813536501008,5573_chron
3891,84.0488694182899,3891_chron
5082,84.05147876515144,5082_chron
6160,84.05240481951482,6160_chron
3369,84.05492993016317,3369_chron
6154,84.05545463198743,6154_chron
6507,84.06035678179121,6507_chron
6729,84.06189791417164,6729_acute2
5848,84.07270757306803,5848_chron
4884,84.0846585567607,4884_chron
5818,84.09071765104137,5818_chron
6029,84.09178533324997,6029_chron
6094,84.09548439312839,6094_chron
6598,84.10006848548953,6598_chron2
4672,84.10100910690358,4672_chron
6370,84.10464774059284,6370_chron
6540,84.10820725141176,6540_chron2
6693,84.12731208993257,6693_chron2
5179,84.13606210384471,5179_chron
5860,84.14051363561362,5860_chron
4775,84.14079924576552,4775_chron
6584,84.14113011024193,6584_chron2
3509,84.16274950452778,3509_chron
3320,84.17448583279266,3320_chron
4776,84.18292303652683,4776_chron
5088,84.19611734191021,5088_chron
6078,84.2091268330979,6078_chron
6398,84.20924105150443,6398_chron
6196,84.21321673568353,6196_chron2
2159,84.21395635128366,2159_chron
4844,84.2142738257801,4844_chron
663,84.22222944164201,663_chron
6619,84.23398837442691,6619_chron
4327,84.23777099657893,4327_chron
6384,84.23794174880143,6384_chron
4852,84.24235118307145,4852_chron
6016,84.24547888904485,6016_chron
4849,84.25042377956028,4849_chron
4062,84.2563684998337,4062_chron
4590,84.26141260816897,4590_chron
4606,84.26633254132243,4606_chron2
5777,84.27180789416977,5777_chron2
6485,84.27363392690917,6485_chron
6509,84.28243754905431,6509_chron2
6164,84.28588136501129,6164_chron
5682,84.30149245539482,5682_chron
5897,84.30734420108135,5897_chron
4581,84.31304000644478,4581_chron
2125,84.31463007814001,2125_chron
5940,84.32373761773167,5940_chron
6463,84.32419708809763,6463_chron
4589,84.32993667696499,4589_chron
6530,84.3512071245312,6530_chron
6542,84.35173813251477,6542_chron2
6567,84.35456367701624,6567_chron
6578,84.36967607904762,6578_chron
5051,84.37235328843863,5051_chron
4260,84.38928218409227,4260_chron
4101,84.39694613027092,4101_chron
1766,84.40350190501621,1766_chron
5566,84.40434678357863,5566_chron2
5685,84.41648725140598,5685_chron
6208,84.41782885809462,6208_chron
3250,84.41931460085776,3250_chron
6420,84.4270783410319,6420_chron2
1190,84.43290917993434,1190_chron
6408,84.4351349767724,6408_chron2
2580,84.44275791451024,2580_chron
5731,84.46008753824945,5731_chron2
4900,84.46227909100855,4900_chron
5919,84.47283889550323,5919_chron2
4481,84.47795378886013,4481_chron
2371,84.47870137247345,2371_chron
2153,84.49788347964828,2153_chron
3828,84.50138345901253,3828_chron
6111,84.51162004434325,6111_chron
5587,84.54747989406718,5587_chron
6628,84.54953249303787,6628_chron
6514,84.55402185217297,6514_chron
3892,84.55548765350056,3892_chron
4230,84.56494620832848,4230_chron
6536,84.56596074755285,6536_chron
4056,84.56680503828889,4056_chron
6332,84.57345281485411,6332_chron
2155,84.57722485817331,2155_chron
6682,84.58275182031437,6682_chron2
5047,84.587514676686,5047_chron
6417,84.59169178009657,6417_chron2
6556,84.59348635468528,6556_chron
5880,84.62662140496136,5880_chron
6446,84.63469191179145,6446_chron
6353,84.63747267859378,6353_chron
5158,84.6463649379434,5158_chron
3207,84.65798144159257,3207_chron
6307,84.66120748640111,6307_chron2
3710,84.66189530814793,3710_chron
6424,84.66920283055771,6424_chron
6363,84.66923101500551,6363_chron2
3323,84.67095393647354,3323_chron
6065,84.67593818707344,6065_chron
5103,84.67686908073836,5103_chron
662,84.68016927089208,662_chron
3627,84.68133822427568,3627_chron
3845,84.68561186260088,3845_chron
4195,84.70835453682862,4195_chron
5371,84.7112123286549,5371_chron
6047,84.73084498502311,6047_chron
5725,84.73351259489085,5725_chron
6663,84.75229212633293,6663_chron
5792,84.76391183884313,5792_chron
5284,84.76977894411348,5284_chron2
5443,84.77090436332416,5443_chron2
6772,84.77137060598317,6772_acute
6661,84.77902308589472,6661_chron2
6069,84.78593192787079,6069_chron
6611,84.79020170660986,6611_chron
5075,84.79163712454275,5075_chron
5537,84.79405909407494,5537_chron
4710,84.80042813933697,4710_chron
6037,84.80383942127534,6037_chron
5833,84.81872772807074,5833_chron
5988,84.83042172958886,5988_chron
6687,84.8310838850005,6687_chron2
5817,84.84055220173418,5817_chron
6718,84.84576755634288,6718_acute
4713,84.85522653407267,4713_chron
714,84.85776298592873,714_chron
6238,84.85915811306329,6238_chron
5922,84.8597242978276,5922_chron
5901,84.86116766475669,5901_chron2
6262,84.86171687318748,6262_chron
6573,84.86471630222722,6573_chron
6011,84.87078554384227,6011_chron
4683,84.87485249891344,4683_chron
6559,84.87510045249797,6559_chron
6467,84.8785063257611,6467_chron2
6338,84.88906467438711,6338_chron
4975,84.89076163454958,4975_chron
6422,84.90568755901732,6422_chron
6066,84.92740949788386,6066_chron
4176,84.9465567069375,4176_chron
1986,84.94859686670253,1986_chron
6726,84.95681399392399,6726_chron
6645,84.95870129579224,6645_chron
5245,84.96309074064155,5245_chron
6170,84.96686513498472,6170_chron
5688,84.97269296851852,5688_chron
6639,84.9869231160584,6639_chron2
6019,84.98759260589294,6019_chron
3815,85.00926293106437,3815_chron
6758,85.01988942797267,6758_acute2
5068,85.02263288936936,5068_chron
5213,85.02879318315921,5213_chron
6642,85.02908203640911,6642_chron
5964,85.03130560665403,5964_chron
5223,85.05161428415238,5223_chron
6382,85.05641816736397,6382_chron
4649,85.06807580994645,4649_chron
2666,85.07309457073382,2666_chron
6101,85.08004695679573,6101_chron
6052,85.08127514711707,6052_chron
6675,85.0814407061478,6675_chron
4634,85.09483545184113,4634_chron
6681,85.1021890805854,6681_chron2
5534,85.1074135953261,5534_chron
5287,85.11950082312464,5287_chron
2367,85.12280135380773,2367_chron
4885,85.12310936817985,4885_chron
6816,85.14780325899318,6816_acute
3989,85.1560368224849,3989_chron
6803,85.15730359996093,6803_chron
6690,85.16456436258196,6690_chron
6462,85.16626393710413,6462_chron2
6009,85.17578539576418,6009_chron
5835,85.18468018998095,5835_chron
2106,85.18486893765892,2106_chron
6763,85.1867745886451,6763_chron
6331,85.19744980860001,6331_chron
6182,85.19972604520822,6182_chron2
6809,85.20417572734037,6809_chron2
5895,85.21147545073235,5895_chron2
6055,85.21491639942306,6055_chron2
6117,85.22880674075803,6117_chron2
6669,85.2301529469904,6669_chron
5788,85.24456352797716,5788_chron
3803,85.25309709962654,3803_chron
4497,85.25895996505697,4497_chron
1734,85.26138756598489,1734_chron
4759,85.26341860686004,4759_chron
5195,85.26378998954523,5195_chron
5402,85.26577725826924,5402_chron
5106,85.27692066601334,5106_chron
6561,85.3051073818832,6561_chron
6079,85.30692682093601,6079_chron
5448,85.3079162633979,5448_chron
6162,85.3104298283469,6162_chron
6527,85.31420408295953,6527_chron
6045,85.3230456649373,6045_chron
6113,85.32672398940169,6113_chron
6075,85.34157012840804,6075_chron
4408,85.34323392495273,4408_chron
6792,85.34726744184314,6792_chron2
4722,85.36760577349933,4722_chron
5694,85.37930882064794,5694_chron
5140,85.39100251473069,5140_chron
5937,85.393814552637,5937_chron
4954,85.39589565313774,4954_chron
6738,85.40836413362814,6738_chron
6172,85.41958260570564,6172_chron
6402,85.42094252869803,6402_chron
6388,85.42248376950221,6388_chron2
6475,85.42576046338812,6475_chron
4432,85.4285820538395,4432_chron2
6766,85.4376151439623,6766_acute2
6750,85.44563044278696,6750_chron
6089,85.45534304089139,6089_chron
4888,85.45936618067749,4888_chron
6426,85.46130859591794,6426_chron2
5944,85.47372545713773,5944_chron2
6329,85.48271009950338,6329_chron
5884,85.48322687256794,5884_chron
6652,85.49952524703086,6652_chron
4072,85.50633425267148,4072_chron
6547,85.51712042545266,6547_chron
4175,85.52601599226196,4175_chron
6783,85.53256939537975,6783_chron2
2701,85.53284676114734,2701_chron
6236,85.53766352542458,6236_chron
5190,85.54335650005397,5190_chron
6471,85.5574365570766,6471_chron
1008,85.55913314835577,1008_chron
6491,85.56006186043805,6491_chron
4510,85.56595567958104,4510_chron
5385,85.58021529929883,5385_chron
6785,85.58495127224911,6785_chron
5368,85.58500311655405,5368_chron
6841,85.59247483988904,6841_acute
5742,85.61764453986828,5742_chron2
4263,85.62196590007406,4263_chron
6550,85.63730839102784,6550_chron
6739,85.64584116864157,6739_chron
6856,85.6515099460392,6856_chron2
6473,85.65258465141284,6473_chron
6231,85.65683002621726,6231_chron
6520,85.66888460031745,6520_chron2
6033,85.6730328829981,6033_chron
6793,85.68229734815618,6793_chron
6438,85.68664688961614,6438_chron
6289,85.69083553361739,6289_chron
5577,85.69184540093298,5577_chron
5450,85.71376635623398,5450_chron
6640,85.73387787554624,6640_chron
3287,85.73749844066381,3287_chron
5231,85.75008415739109,5231_chron
5055,85.755445050079,5055_chron
5582,85.75611537133915,5582_chron
2660,85.76106188450589,2660_chron
5262,85.76602436334618,5262_chron
6560,85.76947263096376,6560_chron
5164,85.77062761550646,5164_chron
5366,85.77649725741185,5366_chron
5953,85.7786219191986,5953_chron
4949,85.78457854480725,4949_chron
5711,85.78842776172955,5711_chron2
4688,85.7895272249322,4688_chron
6662,85.79456269062132,6662_chron
6543,85.80075253323533,6543_acute
6425,85.80257268168452,6425_chron
6711,85.80358477219517,6711_chron
4716,85.816527190909,4716_chron
6843,85.81953163635505,6843_chron
6863,85.82022255006132,6863_acute2
6318,85.83019980097424,6318_chron
6304,85.83582340531933,6304_chron
2582,85.84426560142161,2582_chron
3876,85.85514508684439,3876_chron
4977,85.86530429279323,4977_chron
6277,85.86897759614294,6277_chron
6622,85.86960334525688,6622_chron
5335,85.87522552136231,5335_chron
6696,85.88790376754012,6696_chron
6046,85.89330373166143,6046_chron
1886,85.89702459830173,1886_chron
2445,85.90137392295722,2445_chron
4610,85.92424246327664,4610_chron
4237,85.93629685507312,4237_chron
5438,85.95515803181398,5438_chron
5142,85.97466703840769,5142_chron
5493,85.9879910152266,5493_chron
6787,85.9934053276264,6787_chron2
5631,85.99917573889297,5631_chron
6418,86.01333458005338,6418_chron
6455,86.0211503874029,6455_chron
5728,86.02827531739159,5728_chron
5887,86.04257665618267,5887_chron
5760,86.04395021210784,5760_chron
788,86.04999657737467,788_chron
6173,86.05767072220652,6173_chron
5928,86.06293472333205,5928_chron
6284,86.0705662018898,6284_chron
4184,86.07289026312553,4184_chron
6137,86.0808202535312,6137_chron
5979,86.08422495619006,5979_chron
5815,86.09230236225983,5815_chron
2496,86.09747892356802,2496_chron
5546,86.10129370342412,5546_chron
6680,86.11622208722385,6680_chron
6334,86.1267786514865,6334_chron
5929,86.12921645396938,5929_chron
1905,86.13239751521238,1905_chron
5810,86.13886819479923,5810_chron
6780,86.14362184788273,6780_chron
6359,86.14863655731409,6359_chron
6525,86.15650088664674,6525_chron
5943,86.1662710996627,5943_chron
6888,86.16746377893818,6888_chron
6936,86.18321598146584,6936_acute
5181,86.19496460608967,5181_chron
6074,86.19861397699114,6074_chron
5956,86.19961256048575,5956_chron
4211,86.20293927730442,4211_chron
6110,86.2075684592911,6110_chron2
4559,86.20843806913457,4559_chron
6135,86.21254956749803,6135_chron
5894,86.21852498560338,5894_chron
6140,86.22639591479063,6140_chron
6685,86.22803358257566,6685_chron
6564,86.23988324048614,6564_chron
6594,86.24281462940948,6594_chron
5008,86.24483288440831,5008_chron
6583,86.24939496893495,6583_chron
5056,86.25690969350005,5056_chron
6906,86.26396934752034,6906_chron
6201,86.27394212271751,6201_chron
5832,86.28109162202585,5832_chron2
3497,86.29007238261879,3497_chron
4680,86.29731023889128,4680_chron
4233,86.30123431847642,4233_chron
6997,86.30196821931091,6997_acute
3093,86.30203414855464,3093_chron
2194,86.3071983183325,2194_chron
6751,86.31038925926147,6751_chron2
3917,86.31039542963998,3917_chron
6636,86.31264210420795,6636_chron
2178,86.33267667066859,2178_chron
3990,86.3488679976403,3990_chron
6589,86.36012621993996,6589_chron
6679,86.37735418495178,6679_chron2
3937,86.38626659309087,3937_chron2
5526,86.38818727829235,5526_chron
6007,86.39507845699552,6007_chron
6376,86.39675833321523,6376_chron
5980,86.40809276518301,5980_chron
6844,86.4292222503994,6844_chron
3495,86.43785027233784,3495_chron
6039,86.43868128937902,6039_chron2
6465,86.44196091015218,6465_chron
4804,86.44631147155218,4804_chron
6000,86.44768169120773,6000_chron
6613,86.47128507170211,6613_chron
6541,86.48244929390694,6541_chron2
3100,86.49079469230425,3100_chron
6884,86.50154330399835,6884_chron2
6643,86.50533430796762,6643_chron
6697,86.50616215595431,6697_chron
5649,86.51119600129762,5649_chron
6999,86.51136297442925,6999_acute
4564,86.5122387022576,4564_chron
6600,86.51350559771534,6600_chron
4833,86.52477595923179,4833_chron
6593,86.54768170160784,6593_chron2
6312,86.55082363995875,6312_chron
6782,86.55092565629636,6782_chron
6935,86.55266894829411,6935_chron2
5875,86.56329606366289,5875_chron
6903,86.57638551753917,6903_acute
4919,86.61348600877595,4919_chron
6828,86.62330448868497,6828_chron2
6146,86.63322138139361,6146_chron
5458,86.63454690055109,5458_chron
2930,86.6384572642448,2930_chron
4792,86.63847836785543,4792_chron
6860,86.6503615110527,6860_chron2
5990,86.67455642321018,5990_chron
5802,86.68328665092648,5802_chron
6591,86.68363150923075,6591_chron
5121,86.68528322161696,5121_chron
6409,86.69698888858098,6409_chron2
6434,86.70346792682639,6434_chron
4047,86.70841711199881,4047_chron
6592,86.72290574626264,6592_chron
6852,86.7238791012218,6852_acute
2474,86.73017893939621,2474_chron
6169,86.73612922433614,6169_chron
6684,86.74055914093009,6684_chron
5415,86.74131686536369,5415_chron
6670,86.74727095066731,6670_chron2
6515,86.75623435333056,6515_chron2
4029,86.75911527908667,4029_chron
6533,86.77930565621165,6533_chron2
6948,86.79344932185937,6948_chron
7027,86.79476648570783,7027_acute
3477,86.80795124194998,3477_chron
6120,86.81196838858008,6120_chron
2818,86.81403561223094,2818_chron
5152,86.8204999335528,5152_chron
6854,86.83708984045796,6854_chron
6482,86.84645132137175,6482_chron
3481,86.84944354135749,3481_chron
6993,86.86276350188976,6993_chron2
3646,86.86365424175668,3646_chron
6805,86.87857974319869,6805_chron
7012,86.88529981985613,7012_chron
6450,86.89560745753185,6450_chron
5744,86.89620468093037,5744_chron
6873,86.89971179771526,6873_chron
6703,86.91141669378167,6703_chron2
6746,86.92094994751683,6746_chron2
4245,86.92122358107277,4245_chron
6278,86.92670999544801,6278_chron
6134,86.92774762744725,6134_chron2
7058,86.93063019642811,7058_chron
6835,86.95352306772588,6835_chron2
5778,86.95459455138509,5778_chron
5010,86.96363313867356,5010_chron2
1767,86.96414555509136,1767_chron
3832,86.9644242596443,3832_chron
6416,86.96710569727146,6416_chron
5111,86.9726084730221,5111_chron
2297,86.97758050854021,2297_chron
3793,86.98289780592361,3793_chron
5052,86.98820868788205,5052_chron
6931,86.98862296473523,6931_chron
6004,86.99734267217067,6004_chron
4956,87.00015760776385,4956_chron
5644,87.00260917386557,5644_chron
6360,87.01005173783891,6360_chron
6651,87.01428118378502,6651_chron
6762,87.02280965614494,6762_chron
6568,87.02627283308072,6568_chron
6735,87.03765550119157,6735_chron
5538,87.04264535854587,5538_chron
7077,87.05529897870075,7077_acute
6866,87.05652545698278,6866_chron
734,87.06051974339385,734_chron
6715,87.06720133362828,6715_chron2
6755,87.07927784543503,6755_chron2
6928,87.08450020275981,6928_chron
6846,87.08699409463041,6846_chron
5959,87.0878819345192,5959_chron2
7015,87.08926341845233,7015_chron
7030,87.09042573018888,7030_chron
6128,87.09092002865513,6128_chron
6253,87.09652046872895,6253_chron
6010,87.09762044971092,6010_chron
6895,87.10112038756502,6895_chron
6723,87.10558486235458,6723_chron2
6741,87.10904615567132,6741_chron2
4585,87.10923956220422,4585_chron
6802,87.11258746825294,6802_chron
6251,87.11537588271267,6251_chron
4769,87.11677405685528,4769_chron
6858,87.1184938023713,6858_chron2
5144,87.12517842703494,5144_chron
6445,87.13329265022493,6445_chron2
5893,87.14253148902884,5893_chron
5132,87.14267265326325,5132_chron
6132,87.15653229774705,6132_chron
4124,87.1655595908042,4124_chron
5948,87.16623657148901,5948_chron
6834,87.17540313477645,6834_chron2
5535,87.18231932468588,5535_chron
3855,87.18721731391093,3855_chron
5808,87.21454773905326,5808_chron
4872,87.2180432828003,4872_chron
6744,87.2349281767683,6744_chron
4257,87.24172588721459,4257_chron
7056,87.24209286047017,7056_chron2
5603,87.25453868287549,5603_chron
6812,87.25737175125565,6812_chron
6779,87.26419899209743,6779_chron
6369,87.26604607617122,6369_chron
6724,87.26992897557344,6724_chron
6909,87.27805229883637,6909_chron2
6407,87.27882399260652,6407_chron
4430,87.28232813347373,4430_chron
6830,87.28585785369438,6830_chron
6879,87.2863626522029,6879_chron
5481,87.30327674640154,5481_chron
6631,87.3034998211863,6631_chron
6410,87.31019879901663,6410_chron
6608,87.31373320129464,6608_chron
7043,87.31455295728922,7043_chron2
6870,87.31708410454094,6870_chron
6163,87.31802515455249,6163_chron
6603,87.31881668724006,6603_chron
6880,87.32529013917892,6880_chron2
6290,87.326388757198,6290_chron
6365,87.34242493034067,6365_chron2
6971,87.36837844518504,6971_acute
5406,87.3772006910293,5406_chron
5274,87.39791759631821,5274_chron
6728,87.39952044092242,6728_chron
6632,87.40914653220518,6632_chron2
6372,87.41498405514007,6372_chron
5734,87.42254514177934,5734_chron
4983,87.43162643629108,4983_chron
4751,87.43474720910639,4751_chron
6474,87.43666921544934,6474_chron
6774,87.43978579039043,6774_chron2
7092,87.4511781205584,7092_chron
6404,87.45659324692375,6404_chron
6479,87.46213979132371,6479_chron
6378,87.4691726350211,6378_chron
6917,87.49873975714173,6917_chron
6953,87.50204004892997,6953_chron
5883,87.5175638669249,5883_chron
6518,87.51786949155344,6518_chron
5194,87.53170492591823,5194_chron
6522,87.53209799954821,6522_chron
6976,87.55929832550764,6976_chron
6302,87.56577951637105,6302_chron2
3644,87.56935774563114,3644_chron
4363,87.57642745132532,4363_chron
4914,87.58551751758958,4914_chron
4939,87.58570018231694,4939_chron
6887,87.59331252529063,6887_chron
7143,87.60114799958782,7143_chron2
3649,87.63503454741472,3649_chron
6995,87.64789577230282,6995_chron2
6977,87.6553895836664,6977_chron
4028,87.66225233903728,4028_chron
6200,87.66756976472698,6200_chron
6260,87.66928208097495,6260_chron
7060,87.67279867951295,7060_chron
6175,87.67349313945331,6175_chron
6688,87.68131008327104,6688_chron
6335,87.68639987669012,6335_chron
6431,87.68651365360716,6431_chron
6664,87.68876211223274,6664_chron
4550,87.71296390670962,4550_chron
4987,87.73446192347814,4987_chron
5995,87.73971739781375,5995_chron
6586,87.75861770264788,6586_chron
6721,87.76984227190431,6721_chron2
5822,87.76991528396353,5822_chron2
5715,87.77154093572854,5715_chron
6476,87.77660278833926,6476_chron
5334,87.80130087068792,5334_chron
6512,87.80444564441834,6512_chron
6646,87.80984921180463,6646_chron2
6535,87.81339462747164,6535_chron2
3038,87.82369196451673,3038_chron
5667,87.8305930584003,5667_chron
4911,87.83483578688325,4911_chron
6203,87.84279855158596,6203_chron
6902,87.84966157287506,6902_chron
6244,87.85835055462918,6244_chron
3737,87.86245671019472,3737_chron
6626,87.86252112743234,6626_chron
7083,87.86417884331378,7083_chron2
5692,87.86763969767694,5692_chron
7110,87.87326732826388,7110_chron2
7046,87.88431920412042,7046_chron
4579,87.8965545597115,4579_chron
6496,87.89878175896816,6496_chron
6500,87.90057135451795,6500_chron
5280,87.90276023324073,5280_chron
1694,87.9257017854554,1694_chron
6824,87.93122553769608,6824_chron2
4594,87.94314596742723,4594_chron
6352,87.9522386992736,6352_chron
5588,87.95680209767384,5588_chron
6764,87.97180091701621,6764_chron
4187,87.97807175342778,4187_chron
6829,87.9863488012737,6829_chron
4433,87.98826971207873,4433_chron
4940,87.99080964519388,4940_chron
6788,87.99391712073796,6788_chron2
7090,87.99923765244434,7090_chron
6620,88.00445246660917,6620_chron
6796,88.00581509961607,6796_chron
3944,88.0194104491833,3944_chron
2442,88.0202889992247,2442_chron
5813,88.02231048315755,5813_chron
6716,88.02281623304701,6716_chron
6387,88.02291395842995,6387_chron2
2842,88.0312584136455,2842_chron
5169,88.04678381310747,5169_chron
6857,88.05577991004624,6857_chron
6427,88.06310633150017,6427_chron2
6461,88.0754137066126,6461_chron2
6444,88.07632428310622,6444_chron
5934,88.09023554957523,5934_chron2
7136,88.09042328346868,7136_chron
6725,88.10604627644254,6725_chron
4214,88.12643069018645,4214_chron
2548,88.14648942099583,2548_chron
463,88.15683857439939,463_chron
6634,88.15744177589117,6634_chron
7001,88.15848347627897,7001_chron
6849,88.15875760620152,6849_chron
6106,88.160372576866,6106_chron
6638,88.1622156588618,6638_chron2
6966,88.18530201234876,6966_chron
6704,88.18599656820322,6704_chron
7065,88.19914689590273,7065_chron
4976,88.20583696339831,4976_chron
6822,88.20759944366573,6822_chron
6599,88.20796372596214,6599_chron
7070,88.2297143520418,7070_chron
6601,88.23077513959728,6601_chron
1666,88.23617094843208,1666_chron
6092,88.25025218749659,6092_chron
5208,88.25699924054204,5208_chron
6893,88.2622140296647,6893_chron
6839,88.27882365407119,6839_chron
6604,88.28510561209676,6604_chron
4899,88.28884269643537,4899_chron
3789,88.29464755198701,3789_chron
6142,88.30829130857029,6142_chron2
4859,88.31406330211335,4859_chron
6451,88.3151617361068,6451_chron
2345,88.32439276620242,2345_chron
5952,88.33307647025138,5952_chron
6274,88.33643056964884,6274_chron
6617,88.3618266536632,6617_chron
6996,88.36766299661468,6996_chron
7028,88.37500382954904,7028_chron2
5585,88.38415033291326,5585_chron
7019,88.40158222032349,7019_chron
5510,88.40288330452121,5510_chron
6908,88.4094736341384,6908_chron2
6002,88.42819714689833,6002_chron
6767,88.43626102608164,6767_chron
5757,88.43989547303417,5757_chron
6292,88.44038080891433,6292_chron
4902,88.44190683651571,4902_chron
4216,88.44334922354065,4216_chron
5707,88.44716604486459,5707_chron
6183,88.45556200435001,6183_chron
5168,88.45775031127911,5168_chron
6313,88.46108634264469,6313_chron
6641,88.47145413143936,6641_chron
4574,88.4817072990987,4574_chron
6708,88.5003765163721,6708_chron
6658,88.50307045671883,6658_chron2
7050,88.50639091104361,7050_chron
6028,88.51261819843114,6028_chron
4337,88.51325154509914,4337_chron
4104,88.51710749873759,4104_chron
6315,88.52086129373262,6315_chron
7033,88.52262921999905,7033_chron
6933,88.53057520929997,6933_chron2
6553,88.53597727874156,6553_chron
6381,88.53923131839989,6381_chron
6070,88.5435368470666,6070_chron
7016,88.55555340870552,7016_chron2
7085,88.5582802147671,7085_chron2
6366,88.56940976808887,6366_chron
6694,88.58542798044321,6694_chron
4598,88.58586063834954,4598_chron2
6311,88.60889613895596,6311_chron
6743,88.61726421662561,6743_chron
6189,88.63601680946387,6189_chron
6503,88.63701101261098,6503_chron2
6054,88.64925082564913,6054_chron
7138,88.64941083258056,7138_chron
6886,88.651600603578,6886_chron
6056,88.65908885183411,6056_chron
4735,88.67049083483222,4735_chron
4669,88.67091654221228,4669_chron
6057,88.67299435605348,6057_chron
7025,88.6880798103717,7025_chron2
7017,88.69265643116431,7017_chron2
6415,88.701052032189,6415_chron
6454,88.72307246106624,6454_chron
7073,88.72881476217331,7073_acute
6689,88.74279033703499,6689_chron2
6683,88.75590337668771,6683_chron
6088,88.75631910843269,6088_chron
6957,88.77717658327444,6957_chron2
6413,88.79226400008447,6413_chron
7258,88.80137521135673,7258_chron2
6878,88.8068401354935,6878_chron
6625,88.80738856958625,6625_chron
4198,88.81034873998715,4198_chron
7009,88.81727421181388,7009_chron
6511,88.81784786950438,6511_chron2
5478,88.82542020508329,5478_chron
7193,88.8275458810598,7193_chron2
5272,88.84334902271115,5272_chron
6483,88.85214253505895,6483_chron
6790,88.86198336972888,6790_chron2
6300,88.86668373825191,6300_chron
7081,88.87026196298471,7081_chron
7228,88.87295759648364,7228_chron
6720,88.87783901221496,6720_chron
6969,88.88115595618565,6969_chron
6897,88.88487625789321,6897_chron
5422,88.8908881974375,5422_chron
6958,88.89804995742459,6958_chron
6813,88.89967525367867,6813_chron
6776,88.90060864820128,6776_chron
4272,88.90845008071177,4272_chron
4820,88.95595341608659,4820_chron
72,88.97140702996447,72_chron
7299,89.01583175900707,7299_chron2
6588,89.01807303034344,6588_chron
6041,89.03635797431745,6041_chron2
5816,89.03764846727105,5816_chron
7054,89.03928733194923,7054_chron
4344,89.04149765483491,4344_chron
7100,89.05989246260049,7100_chron
6713,89.06161875861649,6713_chron
3721,89.06460131316318,3721_chron
7035,89.06600650460948,7035_chron2
6256,89.07453631021498,6256_chron
6757,89.07604416300238,6757_chron
6361,89.0880560467132,6361_chron
7318,89.1013570781491,7318_chron
5175,89.10687908860538,5175_chron
5617,89.11958621470583,5617_chron
7121,89.13020578444674,7121_chron
6869,89.13498516036778,6869_chron
5745,89.13621051179045,5745_chron
6700,89.14389419740513,6700_chron
6983,89.14672963182879,6983_chron
6759,89.14762529423714,6759_chron
6761,89.14768079363222,6761_chron
6965,89.14923263983304,6965_chron
6633,89.16114043295745,6633_chron2
6924,89.16124700240933,6924_chron
5735,89.16998910673601,5735_chron
7061,89.17030405777767,7061_chron
6836,89.17863089314497,6836_chron
7064,89.18037241574105,7064_chron2
5638,89.2041934048298,5638_chron
5540,89.20761243764287,5540_chron
7302,89.21049823633356,7302_chron
6929,89.21279551306063,6929_chron
4918,89.21640382204222,4918_chron
6464,89.2241209403915,6464_chron
6228,89.23621595298827,6228_chron
3681,89.25959265979209,3681_chron
5420,89.28132453367479,5420_chron
5134,89.28190644506986,5134_chron
6868,89.29698280337863,6868_chron
5602,89.30246231560021,5602_chron
3884,89.30901471195531,3884_chron
7310,89.34105422990353,7310_chron2
7288,89.35276096279992,7288_chron
6544,89.35600087130317,6544_chron
5807,89.35891961717194,5807_chron
4206,89.36752794516572,4206_chron
6659,89.37433927412405,6659_chron
5323,89.37509945716744,5323_chron2
6960,89.3818463397221,6960_chron
5466,89.38298440315306,5466_chron
7227,89.38691837923676,7227_chron
7170,89.38744977608266,7170_chron
7112,89.39585169457584,7112_chron
6698,89.40260442333162,6698_chron
6986,89.41454938704226,6986_chron2
4807,89.41971701541165,4807_chron
7038,89.42195033557917,7038_chron2
6967,89.42609812362886,6967_chron
3531,89.43297473301291,3531_chron
6548,89.44179810103441,6548_chron
5933,89.44636172959076,5933_chron
7173,89.4714228804562,7173_chron2
6717,89.48837555031709,6717_chron2
6276,89.49409117356778,6276_chron
6083,89.51551753559923,6083_chron
5797,89.5243027402632,5797_chron
6874,89.55530019132098,6874_chron
7029,89.56906456374433,7029_chron2
6781,89.60798549115157,6781_chron2
6827,89.61119163067421,6827_chron2
6480,89.63112199601137,6480_chron
7099,89.6332469581942,7099_chron
6177,89.63937075674312,6177_chron
7155,89.65361875045947,7155_chron2
6602,89.65830089963124,6602_chron
5476,89.66372576193282,5476_chron
7273,89.66437008358008,7273_chron
6990,89.66511782884453,6990_chron2
6399,89.66729455400116,6399_chron2
6523,89.66891420278118,6523_chron
6537,89.67260494438091,6537_chron
7225,89.67401833356304,7225_chron2
5543,89.6910042260363,5543_chron
6978,89.69523023489933,6978_chron
5381,89.71290571802629,5381_chron
5514,89.71548045057811,5514_chron
6224,89.71666715156354,6224_chron
5647,89.71696427735036,5647_chron
3065,89.72173509829024,3065_chron
7241,89.72208283714649,7241_chron
6911,89.73874998329603,6911_chron
7233,89.74995123164291,7233_chron
7162,89.75326397083873,7162_chron2
6437,89.76878181881861,6437_chron
7055,89.77426467626157,7055_chron
6923,89.79019403301365,6923_chron
6678,89.80415752368867,6678_chron
6701,89.81398186602496,6701_chron2
5756,89.82043868790545,5756_chron
6867,89.82279197680171,6867_chron
7260,89.82342420268246,7260_chron
2791,89.8247174999152,2791_chron
6215,89.8352347886081,6215_chron
5790,89.83579799977971,5790_chron
7206,89.83682856743948,7206_chron
5099,89.8372919919492,5099_chron
1341,89.84889761210944,1341_chron
7006,89.85607204168494,7006_chron2
7021,89.86206379471814,7021_chron2
7075,89.86280556477776,7075_chron2
6308,89.86410875530146,6308_chron
3701,89.8706303630788,3701_chron
2565,89.87676496640763,2565_chron
7348,89.87786483052936,7348_chron2
7219,89.87893253191055,7219_chron
2646,89.88157051758019,2646_chron
6810,89.88822867398605,6810_chron
3165,89.89910260359136,3165_chron
7034,89.90099859739998,7034_chron
6940,89.90923384858033,6940_chron
6961,89.91070278759778,6961_chron
7199,89.91582184987399,7199_chron
6397,89.93960615424731,6397_chron
6484,89.9466868980913,6484_chron
4199,89.95891694567224,4199_chron
6653,89.98399782545415,6653_chron
4232,89.99179828947487,4232_chron
7247,90.00149501355487,7247_chron
5242,90.00678891119006,5242_chron2
5069,90.00780333411446,5069_chron
6671,90.01222066887823,6671_chron
6666,90.01971670328436,6666_chron
5260,90.03551081676608,5260_chron
3736,90.036975604087,3736_chron
5252,90.03735843339483,5252_chron
3542,90.04656010328213,3542_chron
5349,90.05339270357919,5349_chron
5488,90.05450200979956,5488_chron
6885,90.05776228041432,6885_chron
6499,90.08634695176245,6499_chron
6205,90.08896033896039,6205_chron
7327,90.09166862154964,7327_acute
7326,90.0992014271395,7326_chron2
6356,90.1008463251425,6356_chron
6801,90.11660215100733,6801_chron
6706,90.12466090940325,6706_chron
7373,90.12486928759417,7373_chron
5407,90.12716879230817,5407_chron2
7213,90.13501080811086,7213_chron
4601,90.1435377186582,4601_chron
5923,90.15755960293887,5923_chron
7165,90.15984569836692,7165_chron
4635,90.16989191711097,4635_chron
6375,90.18217670939052,6375_chron
6832,90.19274501582443,6832_chron2
6067,90.20546253513987,6067_chron
6423,90.21803866132211,6423_chron
6459,90.22423521529737,6459_chron
5781,90.23123952598408,5781_chron
6826,90.24004396632895,6826_chron
5410,90.2503231999944,5410_chron
5375,90.26207965214014,5375_chron
7418,90.26308759004043,7418_acute
6771,90.27344698571937,6771_chron
7347,90.28128848478956,7347_chron
1208,90.28245020929562,1208_chron
6255,90.29021088636301,6255_chron
7375,90.29296398532192,7375_chron
6784,90.29398161668053,6784_chron2
7328,90.29661615007458,7328_chron2
7406,90.30471985953724,7406_chron2
6487,90.3218106315684,6487_chron2
6975,90.33031965246677,6975_chron2
4855,90.33231484118895,4855_chron2
2965,90.33730830032773,2965_chron
6861,90.35448235396197,6861_chron
7205,90.3924134474024,7205_chron2
7167,90.40093623752911,7167_chron
4558,90.41434232476496,4558_chron
2407,90.41456504206415,2407_chron
6988,90.41482674469958,6988_chron
7384,90.4215334589517,7384_chron
6545,90.42911450621735,6545_chron
5868,90.43871546272074,5868_chron
4375,90.44801015522515,4375_chron
4041,90.4619999697338,4041_chron
2946,90.46516196122481,2946_chron
6233,90.46690129881834,6233_chron
6498,90.47014362234714,6498_chron
6840,90.481039084286,6840_chron
6283,90.48449025062986,6283_chron2
7295,90.48463798859011,7295_chron
5236,90.4870690865967,5236_chron
5227,90.49134254397069,5227_chron
6152,90.49142673491754,6152_chron
4721,90.50093704694496,4721_chron
6316,90.50405530190054,6316_chron
6077,90.50410886065926,6077_chron
6131,90.50530319393123,6131_chron
4661,90.51330800755132,4661_chron
6855,90.51685958329801,6855_chron
6952,90.52988913944385,6952_chron
3383,90.53175199160417,3383_chron
1609,90.53442248122602,1609_chron
7448,90.54917535643537,7448_chron
7414,90.56487110310768,7414_chron
6342,90.56763424077532,6342_chron2
6629,90.59854349146626,6629_chron
7394,90.60268770225375,7394_chron2
7377,90.60574034570297,7377_chron
6211,90.60605802186869,6211_chron
7430,90.6160300758695,7430_chron2
6734,90.61720863627505,6734_chron
7280,90.62418264850955,7280_chron
6820,90.62494125502411,6820_chron
7292,90.62980942345351,7292_chron
6974,90.6492042880936,6974_chron
5752,90.66159179004076,5752_chron
6325,90.66575449780656,6325_chron
7391,90.67282388888965,7391_chron
3768,90.67690803636596,3768_chron
7095,90.67948782937755,7095_chron
6513,90.6860206547858,6513_chron
6644,90.69394889632123,6644_chron
7360,90.69989430962782,7360_chron2
7003,90.7018714122516,7003_chron
3664,90.70388034926235,3664_chron
6435,90.70487430940243,6435_chron
6789,90.71332312292847,6789_chron
5945,90.75056453179582,5945_chron
7190,90.76529911687061,7190_chron
6926,90.76658333579871,6926_chron
7160,90.77020885869169,7160_chron2
7188,90.77287484519671,7188_chron
6719,90.77390548289682,6719_chron
7217,90.7833441804575,7217_chron2
5701,90.78684417419949,5701_chron
5592,90.79131507869113,5592_chron
7285,90.80275230871725,7285_chron
4350,90.80580677244319,4350_chron
6747,90.83698198220209,6747_chron
7419,90.84785828007956,7419_chron
7331,90.85843586704006,7331_chron
6991,90.8617492528453,6991_chron
5089,90.86285184421101,5089_chron
7388,90.86807549790744,7388_chron
7132,90.8719398657112,7132_chron
7057,90.8777336771126,7057_chron
7053,90.88709112289828,7053_chron
7270,90.88870023433029,7270_chron
7528,90.8981008402281,7528_acute2
7120,90.90908982146564,7120_chron2
7421,90.92239350358464,7421_chron
7246,90.9229881646835,7246_chron2
6714,90.92512857262363,6714_chron
7239,90.94209870532654,7239_chron
6945,90.95573281934958,6945_chron
6073,90.96818052867997,6073_chron
5739,90.97469039837141,5739_chron
7168,90.98551884782485,7168_chron
5842,90.992358896218,5842_chron
7031,91.00434161139671,7031_chron
7063,91.0046151685984,7063_chron
7473,91.00495944787062,7473_chron
7532,91.0201003607865,7532_chron
6272,91.04011461594872,6272_chron
6087,91.05236997361891,6087_chron
5785,91.06351041368593,5785_chron2
6151,91.0828183171327,6151_chron
7342,91.09644541559412,7342_chron
2993,91.14533483376366,2993_chron
7460,91.14649557077492,7460_chron
6517,91.1515714642197,6517_chron
4676,91.17238453456523,4676_chron
5938,91.17505188350069,5938_chron
5482,91.17531127544635,5482_chron
5841,91.1832053947971,5841_chron
6400,91.19395413117839,6400_chron
6563,91.19522659355955,6563_chron
7319,91.20093649922387,7319_chron2
6105,91.20297696955677,6105_chron
7489,91.20896155805438,7489_chron2
7481,91.22890664176975,7481_chron
5018,91.2385180044136,5018_chron
7338,91.24594409381413,7338_chron2
6440,91.26429907722522,6440_chron
6481,91.26848550046252,6481_chron
6899,91.28747318932835,6899_chron
7324,91.29266746384256,7324_chron
7169,91.31100816580943,7169_chron
4671,91.31482395012337,4671_chron
6460,91.31714278698344,6460_chron
7232,91.32264021736569,7232_chron
6649,91.32369211019324,6649_chron
6730,91.34095889327743,6730_chron
7392,91.34186593101019,7392_chron
5607,91.36778393924786,5607_chron
6925,91.38071645261455,6925_chron
5615,91.3893710239583,5615_chron
5072,91.39015143695806,5072_chron
6904,91.39103446727017,6904_chron
6411,91.41556567804683,6411_chron
4797,91.42530633547292,4797_chron
7080,91.43601929090643,7080_chron
6576,91.44127422754498,6576_chron
5017,91.45477785618594,5017_chron
6777,91.45710093415765,6777_chron
7552,91.45942923075954,7552_chron
7045,91.46289887843852,7045_chron2
7005,91.46323990738715,7005_chron
7440,91.46835637832326,7440_chron2
7185,91.48301027786678,7185_chron
4652,91.48726756963944,4652_chron
7118,91.4925845669808,7118_chron
6674,91.49366659777901,6674_chron
5714,91.49471094412036,5714_chron
7458,91.50280131811239,7458_chron
7293,91.50453416063996,7293_chron
7495,91.52063938358201,7495_chron
5941,91.52179844102152,5941_chron
6027,91.54055759106193,6027_chron
4412,91.55482417491922,4412_chron
6126,91.56599600294537,6126_chron
6833,91.56736331349809,6833_chron
6345,91.57197354889657,6345_chron
7191,91.57487055448493,7191_chron2
7111,91.58065352636329,7111_chron
7094,91.58458841364303,7094_chron
5464,91.58516324890313,5464_chron
3449,91.58834057464144,3449_chron
6817,91.58949872325825,6817_chron
5351,91.61317231060053,5351_chron
4368,91.61319324875848,4368_chron
7251,91.6142095178403,7251_chron
5536,91.61538492940292,5536_chron
6596,91.61631058213905,6596_chron
4459,91.63686839502331,4459_chron
5288,91.64168560092138,5288_chron
7181,91.64578749685157,7181_chron
5989,91.65031673681017,5989_chron
7471,91.66451425354738,7471_chron2
7198,91.66677331593088,7198_chron
7429,91.67604973871357,7429_chron
6299,91.67606959608615,6299_chron
5954,91.68336404495824,5954_chron
7433,91.6844972175069,7433_chron2
7255,91.69145662718789,7255_chron
4879,91.69309796384624,4879_chron
7261,91.70083145583085,7261_chron
7265,91.72180851997422,7265_chron
5021,91.72559533303742,5021_chron
3745,91.73243904550871,3745_chron
7074,91.74539047029016,7074_chron
6939,91.7463154178916,6939_chron
4388,91.77303466940434,4388_chron
2990,91.8109284715293,2990_chron
7069,91.81815503157858,7069_chron
6842,91.82713059368099,6842_chron
7196,91.82779491523476,7196_chron2
6585,91.83246162950849,6585_chron
7040,91.84025847217912,7040_chron
7216,91.84125791370766,7216_chron
6804,91.86331970258712,6804_chron
4006,91.87962922991011,4006_chron
6970,91.89628633550744,6970_chron
7520,91.90080775153929,7520_acute
7023,91.90271320811415,7023_chron
7262,91.90772199308664,7262_acute
5904,91.92698551475463,5904_chron
6546,91.92723953422043,6546_chron
3726,91.93157743954339,3726_chron
7192,91.93294623282864,7192_chron2
6918,91.93443354412238,6918_chron
6660,91.94417837198775,6660_chron
6941,91.94762743520714,6941_chron
6773,91.95272432321705,6773_chron
4218,91.95866124558752,4218_chron
5767,91.96373979106558,5767_chron
6765,91.97198668067912,6765_chron
5469,91.97660296327136,5469_chron
6243,91.9806764211222,6243_chron
3624,91.99265464906155,3624_chron
7215,92.02678721466384,7215_chron2
6157,92.03094270406419,6157_chron
7390,92.0316695779627,7390_chron2
7011,92.03799906071083,7011_chron2
6949,92.04547239807306,6949_chron
7048,92.0524370992119,7048_chron
6323,92.05515573746808,6323_chron
6401,92.05637383827337,6401_chron
6665,92.06349321421486,6665_chron
4365,92.06373068092175,4365_chron
4545,92.06565143557111,4545_chron
7332,92.07736134322742,7332_chron
5912,92.07953321591972,5912_chron
5852,92.0911890490894,5852_chron
6847,92.098458195794,6847_chron2
6390,92.10070371104653,6390_chron
7171,92.10478205892498,7171_chron
5363,92.1253776163504,5363_chron
7068,92.13345737304805,7068_chron2
7152,92.16521457593242,7152_chron2
6875,92.16851792131727,6875_chron
7457,92.17536583405936,7457_chron2
7423,92.1853724506435,7423_chron
6301,92.1910753134834,6301_chron
3824,92.19688411946954,3824_chron
7271,92.19739542153593,7271_chron2
7139,92.19953755397883,7139_chron
7091,92.20540493500448,7091_chron2
6286,92.22448725266673,6286_chron
5861,92.22791152773988,5861_chron
4520,92.25013764757068,4520_chron
639,92.2566221841539,639_chron
7662,92.25680314541137,7662_acute
7515,92.26079783277233,7515_chron
6395,92.27090886269202,6395_chron
4750,92.2715454857928,4750_chron
7133,92.2726480450486,7133_chron
5653,92.29795574914557,5653_chron
7454,92.30137770969746,7454_chron
6770,92.31512256746566,6770_chron
5251,92.31673237375036,5251_chron
7517,92.33374785336377,7517_chron
7502,92.33976120631637,7502_chron2
6158,92.3422263429989,6158_chron
7126,92.35473458659915,7126_chron
6492,92.35926643672225,6492_chron
5597,92.35946349011164,5597_chron
7510,92.3629134564621,7510_chron2
7307,92.36505996356398,7307_chron
7385,92.39605980819333,7385_chron
7103,92.41545170394697,7103_chron
7596,92.42752314098281,7596_chron
4602,92.43185365064362,4602_chron
7223,92.44265915815078,7223_chron
6436,92.45707702365549,6436_chron
7296,92.45859571014564,7296_chron
7586,92.45995956952,7586_chron2
7367,92.47140313811819,7367_chron
6040,92.48077985648307,6040_chron
7371,92.50452170463741,7371_chron
7411,92.543554677163,7411_chron2
7204,92.55025208712694,7204_chron
6143,92.55858170547191,6143_chron
5321,92.56274708057195,5321_chron
7177,92.5656678011332,7177_chron2
5580,92.61544078932475,5580_chron
7357,92.6181712951243,7357_chron2
7166,92.63558560414474,7166_chron
7337,92.64194275330925,7337_chron
7492,92.6479532640287,7492_chron2
7183,92.64892657677348,7183_chron
7488,92.648950889256,7488_chron
7187,92.64998949557246,7187_chron
7609,92.65288058297551,7609_chron
6506,92.65741781749638,6506_chron
7256,92.66451671334619,7256_chron
6944,92.66485116431231,6944_chron
7313,92.67117149791831,7313_chron
4391,92.67860425626739,4391_chron
7252,92.70163474265529,7252_chron
7633,92.7060083763508,7633_chron
6920,92.70987712996612,6920_chron
6612,92.73847606996843,6612_chron
6737,92.74287249163653,6737_chron
7564,92.75824287117058,7564_chron2
6273,92.76061963025109,6273_chron
6349,92.76488634539942,6349_chron
6896,92.78370728597724,6896_chron
7514,92.78461503508163,7514_chron2
7257,92.78496250208204,7257_chron
4118,92.80573705005469,4118_chron
6691,92.81619274545213,6691_chron
7383,92.82434790674886,7383_chron2
6265,92.8599539965491,6265_chron
7084,92.87288971403781,7084_chron
7267,92.8835372270303,7267_chron2
7137,92.88880127861853,7137_chron
6125,92.89827350425209,6125_chron
7268,92.91640795152699,7268_chron
7042,92.92002505766979,7042_chron
7605,92.92853413449144,7605_chron
7575,92.93148231181202,7575_chron2
6606,92.93468516436404,6606_chron
6821,92.94078448580527,6821_chron
5906,92.94212926057564,5906_chron
7588,92.94309445513183,7588_acute
7372,92.94733454263246,7372_chron
5595,92.9482533688836,5595_chron2
7416,92.96023352370652,7416_chron
7344,92.98173206854776,7344_chron
7643,93.00386410160036,7643_chron
6064,93.02912754774721,6064_chron
7750,93.032783223953,7750_acute
7336,93.03619429563251,7336_chron
7521,93.03957489024968,7521_chron
6705,93.04058639616878,6705_chron
7484,93.04479714154972,7484_chron2
6907,93.066787849105,6907_chron
7197,93.06785949785314,7197_chron
6838,93.07590652257214,6838_chron
7345,93.08109879877466,7345_chron
6216,93.08413669652839,6216_chron
7119,93.08476710739524,7119_chron
6574,93.08926265213132,6574_chron
7380,93.09567981714835,7380_chron
6791,93.10751102493384,6791_chron
5867,93.1428904914301,5867_chron
7105,93.149907476472,7105_chron
5392,93.16566342491552,5392_chron
5185,93.18918621616206,5185_chron
6534,93.20620556967535,6534_chron
2557,93.21168166450022,2557_chron
7553,93.22963592176336,7553_chron
4420,93.2408174719299,4420_chron
6901,93.24629004085976,6901_chron
6581,93.2475073282534,6581_chron
5985,93.26574125973548,5985_chron
5661,93.27875331972638,5661_chron
3158,93.2841123923314,3158_chron
4057,93.31766099449463,4057_chron
7356,93.323965614726,7356_chron
7594,93.32534619653403,7594_chron2
7236,93.33191726977631,7236_chron
7464,93.34607265587219,7464_chron
6987,93.36591939861445,6987_chron
7306,93.38472518081242,7306_chron2
5525,93.38603455834762,5525_chron
7214,93.39889409210603,7214_chron
7304,93.416695491772,7304_chron2
6799,93.42322321165743,6799_chron
6267,93.44642102348016,6267_chron
6794,93.45737871400077,6794_chron
7542,93.46465538276094,7542_chron
7212,93.48054346511168,7212_chron
7248,93.49207634713775,7248_chron
7428,93.5064923421449,7428_chron
7531,93.51696366796371,7531_chron
7459,93.52216470356065,7459_chron
5992,93.53587931553857,5992_chron
5926,93.54905944498731,5926_chron
7602,93.55232540023988,7602_chron
7483,93.5537495042342,7483_chron
5355,93.5853716210886,5355_chron
5939,93.58541152333387,5939_chron
4169,93.59251306476632,4169_chron
7107,93.59556746359873,7107_chron
4875,93.5996146861506,4875_chron
7655,93.60859563715748,7655_acute
7649,93.62857935945196,7649_chron
6368,93.64558240381909,6368_chron
7628,93.65395482044985,7628_chron
6528,93.68122496717783,6528_chron
7626,93.68694231767435,7626_chron2
5886,93.69660642150512,5886_chron
7443,93.70959813860706,7443_chron
4828,93.71009588350168,4828_chron
4912,93.72566267346984,4912_chron
6317,93.73950779942426,6317_chron
7541,93.74356503298458,7541_chron
7746,93.74406690556229,7746_acute2
6222,93.74684698479011,6222_chron
6351,93.74944880828139,6351_chron
6797,93.7533346438835,6797_chron2
7851,93.77204597976427,7851_acute2
5340,93.77862351057405,5340_chron
5295,93.79179683722255,5295_chron
7556,93.79521386537556,7556_chron2
7766,93.80979522924112,7766_chron
5614,93.82107085440947,5614_chron
7349,93.82409198060743,7349_chron
5485,93.82928854197671,5485_chron
7752,93.83255737146997,7752_chron
7134,93.83639717267319,7134_chron
7007,93.84482589149057,7007_chron
5691,93.85109867446384,5691_chron
7176,93.85645104906816,7176_chron
7283,93.86109916294606,7283_chron
7286,93.86295613377641,7286_chron
7756,93.89829281631775,7756_chron2
7670,93.9009733475808,7670_chron
7637,93.90597997733677,7637_chron
7496,93.91174285238645,7496_chron
5751,93.91203416868387,5751_chron
6889,93.91231103166056,6889_chron
3987,93.92654839007335,3987_chron
4754,93.93654109151312,4754_chron
2212,93.95617427651268,2212_chron
4878,93.96576761022901,4878_chron
7721,93.97825765512813,7721_chron2
5636,93.97986996692829,5636_chron
5419,93.97987822895053,5419_chron
7047,93.98134136341399,7047_chron
6218,93.98360664201132,6218_chron
7369,93.98801988343364,7369_chron
7308,93.99458557540929,7308_chron
7059,93.99481448989795,7059_chron
7353,94.00191874655506,7353_chron
5497,94.00788201169644,5497_chron
7574,94.02397461221739,7574_chron
6288,94.02715335335084,6288_chron
7470,94.03208560968861,7470_chron
7620,94.04509142599333,7620_chron2
7153,94.05340292149376,7153_chron
5249,94.05542069322746,5249_chron
7535,94.0619520016868,7535_chron
6618,94.06370019643934,6618_chron
6778,94.06430558610192,6778_chron
4428,94.0701335919588,4428_chron
5123,94.08930660044165,5123_chron
5146,94.09012162175576,5146_chron
7404,94.09490041092339,7404_chron2
5254,94.09929753846323,5254_chron
7226,94.10700595913966,7226_chron
7477,94.11094896070401,7477_chron2
7578,94.12380287126864,7578_chron
7789,94.1473406600479,7789_chron2
7159,94.1697604770646,7159_chron
6800,94.1898586823116,6800_chron
7114,94.20726369513812,7114_chron
7634,94.20892005210972,7634_chron
7117,94.2093484236427,7117_chron
7533,94.21818164564391,7533_chron
7563,94.22160466026644,7563_chron
7461,94.22790365072503,7461_chron
7475,94.23480597900209,7475_chron
7573,94.25480489769255,7573_chron
7767,94.26343298390329,7767_chron
7422,94.26348829187404,7422_chron2
7096,94.26367611391362,7096_chron
7079,94.27481180762025,7079_chron
6405,94.32017955970083,6405_chron
6768,94.3292407798029,6768_chron
7558,94.3345216208499,7558_chron
5618,94.34383930173568,5618_chron
6237,94.34521291740626,6237_chron
7741,94.3769689903351,7741_chron
7690,94.37987650126544,7690_chron
6946,94.38238168971058,6946_chron
4141,94.38645311887012,4141_chron
7466,94.39281067455326,7466_chron
5265,94.3973465346098,5265_chron
7123,94.40257091241304,7123_chron2
7491,94.40496782617782,7491_chron2
6972,94.41218709282401,6972_chron
6391,94.49243902986899,6391_chron
7841,94.49663012253961,7841_chron
4248,94.49716377961047,4248_chron
7316,94.54307446355283,7316_chron
7480,94.54499899912643,7480_chron
7102,94.54659385583302,7102_chron
7749,94.55567134481059,7749_chron
6174,94.5595286636714,6174_chron
7314,94.56463331030197,7314_chron
4384,94.56695560880311,4384_chron
7641,94.58114178381226,7641_chron
7683,94.58761274241115,7683_chron
6505,94.6024884429109,6505_chron
3347,94.61118023180042,3347_chron
7253,94.61934447123993,7253_chron
7934,94.6259275174337,7934_acute
6565,94.627736828843,6565_chron
7186,94.62891102383658,7186_chron
7734,94.63806289153123,7734_chron
4561,94.64219972514967,4561_chron
4841,94.6513102706735,4841_chron
7781,94.66461587005973,7781_chron
7000,94.67063259086322,7000_chron
7544,94.67321142670791,7544_chron
6837,94.68584222481405,6837_chron
6281,94.68689526842826,6281_chron
7615,94.69114824766466,7615_chron
6672,94.69634604603365,6672_chron
6915,94.70317714458318,6915_chron
7907,94.70698454982701,7907_chron
7718,94.70753922933352,7718_chron
7446,94.72136619245516,7446_chron2
3147,94.73081984364084,3147_chron
7131,94.73438225016339,7131_chron
6566,94.73533186810803,6566_chron
5994,94.73609485798292,5994_chron
7281,94.74475450073734,7281_chron
7568,94.74778806061391,7568_chron
7642,94.7524257095848,7642_chron
6063,94.7698711009633,6063_chron
7650,94.78017500128352,7650_chron
2863,94.78667257328377,2863_chron
6314,94.7886846266523,6314_chron
7726,94.7929309797266,7726_chron
4986,94.79337554562139,4986_chron
6979,94.79654859881545,6979_chron
7381,94.80191786587189,7381_chron
7820,94.80255136599322,7820_chron
7504,94.80765992603902,7504_chron
6964,94.80830298889109,6964_chron
7987,94.83518640919047,7987_chron2
6930,94.83899620952636,6930_chron
6980,94.84547125506872,6980_chron
7931,94.85467036053477,7931_chron
7519,94.8753689198297,7519_chron
7093,94.88286541586962,7093_chron
7453,94.8881611847459,7453_chron
7916,94.88993915802034,7916_chron
5824,94.89157666163194,5824_chron
7759,94.89719594294861,7759_chron
7723,94.91160233548183,7723_chron
7901,94.9233524672959,7901_chron
7590,94.93337298421683,7590_chron2
5108,94.94431361994027,5108_chron
7687,94.94549349277196,7687_chron
7669,94.95218309426843,7669_acute2
7407,94.95523734907101,7407_chron
7677,94.95583696657258,7677_chron2
7072,94.956837436525,7072_chron
6892,94.96084854726443,6892_chron
5241,94.9631603184906,5241_chron
7549,94.96559322513923,7549_chron
6677,94.96740880628089,6677_chron
7182,94.97784108317022,7182_chron
7658,94.98589515405781,7658_chron
6396,94.99495623634442,6396_chron
7420,94.99875042151939,7420_chron
7066,94.99877222002256,7066_chron
7086,94.99923317579662,7086_chron
7275,95.0289772549814,7275_chron
5545,95.03918103137376,5545_chron
6305,95.04470661512504,6305_chron
3997,95.0457289254402,3997_chron
7154,95.04657743005484,7154_chron
5855,95.04735968660293,5855_chron
7108,95.05171469093838,7108_chron
7681,95.06202780043154,7681_chron
7220,95.06535931390971,7220_chron
6890,95.0661973684508,6890_chron
7352,95.07072707109896,7352_chron
6985,95.07264090864801,6985_chron
4547,95.08022449188003,4547_chron
7508,95.09600146067864,7508_chron2
7693,95.0968617471868,7693_chron
7629,95.10419840576915,7629_chron
8021,95.10686816673216,8021_chron
6058,95.1074629973054,6058_chron
6293,95.11903502153234,6293_chron
7469,95.12777557868539,7469_chron
3072,95.13375300089817,3072_chron
7794,95.14096323378186,7794_chron2
7125,95.14309625950108,7125_chron
5889,95.14466801108986,5889_chron
7898,95.14824265698275,7898_chron2
7432,95.15094710051497,7432_chron
7785,95.16624583490996,7785_chron
7041,95.18010132231808,7041_chron
7346,95.18130504308239,7346_chron
6707,95.18324839725358,6707_chron
7359,95.18435620794854,7359_chron2
7545,95.2008179750661,7545_chron
7218,95.20182292405708,7218_chron
6403,95.20274945330624,6403_chron
7536,95.2044793139494,7536_chron
6558,95.21555173373665,6558_chron
6223,95.21922291986638,6223_chron
3070,95.2259985733368,3070_chron
7581,95.22623276825516,7581_chron
3978,95.22967691884128,3978_chron
6114,95.23189285248257,6114_chron
5864,95.24673967889088,5864_chron
7748,95.27401781731068,7748_chron
5772,95.29796682247199,5772_chron
6115,95.2992466907994,6115_chron2
5437,95.29939386510544,5437_chron
6798,95.30617407613578,6798_chron
6819,95.30879030354326,6819_chron
7467,95.30928345025026,7467_chron
7174,95.31108376935974,7174_chron
7801,95.32451072595084,7801_chron
7462,95.3246823128311,7462_chron
7230,95.32913313634116,7230_chron
5696,95.32946513626888,5696_chron
7587,95.33073319700723,7587_chron
6529,95.3331574014169,6529_chron
7242,95.36272626248491,7242_chron
7468,95.36516510324144,7468_chron
7736,95.370927412464,7736_chron
6181,95.37914670535315,6181_chron
7999,95.38083254356452,7999_chron
7865,95.40474535757744,7865_chron
7902,95.41268454844743,7902_chron2
7808,95.42114184292056,7808_chron
7538,95.42209184120414,7538_chron
7882,95.42411222103978,7882_chron2
7948,95.43196059035743,7948_chron
6851,95.43880586958042,6851_chron
7879,95.45119197299888,7879_chron
7082,95.4645106111624,7082_chron2
7952,95.46605459386606,7952_chron2
7163,95.48042541997016,7163_chron
7938,95.48629333957761,7938_chron
6133,95.48737179829338,6133_chron
7955,95.49156593645091,7955_chron
7221,95.49776149518325,7221_chron
7593,95.51461335176202,7593_chron
7279,95.52450895502885,7279_chron
7078,95.53376065882831,7078_chron
8014,95.54193015237651,8014_chron2
7857,95.54212852661573,7857_chron
7764,95.54876929790467,7764_chron2
7509,95.55023551686122,7509_chron
7537,95.61393658042128,7537_chron
7229,95.62734924823562,7229_chron
7482,95.62957359706725,7482_chron
7700,95.63033578197475,7700_chron
3687,95.63668140977487,3687_chron
6916,95.64137670756003,6916_chron
8015,95.64607905109267,8015_acute
7908,95.64834192031533,7908_chron
7008,95.653164620406,7008_chron
7768,95.65622638086829,7768_chron
7947,95.65659999814466,7947_chron
7779,95.65986790427242,7779_chron
6722,95.6610892775209,6722_chron
5063,95.66897762551493,5063_chron
7287,95.67071383980263,7287_chron2
8044,95.67087706096613,8044_chron2
7932,95.67510772828132,7932_chron
5847,95.67646010669796,5847_chron
7412,95.68601153495709,7412_chron
6385,95.6870805499421,6385_chron
1133,95.69907063769402,1133_chron
7476,95.7147253445131,7476_chron
1188,95.7342268007803,1188_chron
7666,95.7820824766096,7666_chron
6692,95.79473147040746,6692_chron
7591,95.79910091580741,7591_chron
7775,95.7995745723439,7775_chron
6433,95.80660200509183,6433_chron
7878,95.81369075370138,7878_chron
7872,95.81509381875858,7872_chron2
7378,95.82173680185115,7378_chron
5411,95.82482462260204,5411_chron
7497,95.82686164711033,7497_chron
7583,95.83744988209487,7583_chron
7698,95.84140922478537,7698_chron
7456,95.84632189024022,7456_chron
8128,95.86224905796371,8128_acute
7485,95.86393721421622,7485_chron
6150,95.86480182534356,6150_chron
7322,95.86549298691577,7322_chron
5224,95.87416733961082,5224_chron
8002,95.87645262625597,8002_chron2
7546,95.87937350111078,7546_chron
7631,95.87966982445762,7631_chron
4114,95.88456038624885,4114_chron
8011,95.88726182961125,8011_chron
6881,95.89009938150599,6881_chron
6831,95.8922212199181,6831_chron
7243,95.89989841614897,7243_chron
6495,95.90033124415024,6495_chron
8012,95.90317456328613,8012_chron2
5210,95.90576663701118,5210_chron
7867,95.90853079992806,7867_chron
2892,95.90864490149188,2892_chron
7904,95.91086739332145,7904_chron
5568,95.91164988123188,5568_chron
7829,95.91385766035705,7829_chron
7630,95.91854890756362,7630_chron
7761,95.92871328610525,7761_chron2
7403,95.93574264422568,7403_chron2
6355,95.94225822969209,6355_chron
5695,95.94305363447863,5695_chron
6609,95.95074746903433,6609_chron
6285,95.95135984953146,6285_chron
6865,95.97980743307886,6865_chron
6934,96.00082582055069,6934_chron
7339,96.00931451197944,7339_chron
7840,96.0121241559606,7840_chron
7363,96.01560203604444,7363_chron
7560,96.02114374611118,7560_chron
7413,96.02456265172884,7413_chron
6795,96.02699177241118,6795_chron
7203,96.03191407742267,7203_chron
6374,96.05486696769614,6374_chron
7960,96.08182411756603,7960_chron2
6470,96.08275247392983,6470_chron
6623,96.08564372344267,6623_chron
3535,96.08809657122731,3535_chron
8017,96.0965296645319,8017_chron2
7032,96.10639878943454,7032_chron
5793,96.10716899858376,5793_chron
8079,96.11077214701561,8079_chron2
7825,96.11153135348876,7825_chron
6259,96.11229436950453,6259_chron
7707,96.13435743873846,7707_chron
7608,96.13801727026026,7608_chron2
7321,96.14168253614666,7321_chron
1553,96.14393149191436,1553_chron
6736,96.150516206363,6736_chron
7873,96.15085420347712,7873_chron
7809,96.1748479791446,7809_chron
5192,96.17694956595652,5192_chron
6673,96.1820477415041,6673_chron
4869,96.18379160591213,4869_chron
7400,96.21794137750251,7400_chron
6348,96.22024472313642,6348_chron
7660,96.22329524721664,7660_chron
7686,96.23171543639205,7686_chron2
6656,96.24020022338114,6656_chron
8059,96.24119026053154,8059_chron
7778,96.24227725569958,7778_chron2
8041,96.24429537469213,8041_chron
8025,96.254398444402,8025_chron
6551,96.28100294594904,6551_chron
472,96.28192684133319,472_chron
6210,96.28646482715999,6210_chron
5139,96.30203895526394,5139_chron
7659,96.30866699872409,7659_chron
6321,96.30866719452243,6321_chron
6850,96.31072519325981,6850_chron
7946,96.32129232691618,7946_chron2
6982,96.32408041850339,6982_chron
5503,96.32882627590551,5503_chron
7828,96.3415464686054,7828_chron
7735,96.34418818080303,7735_chron
8045,96.34557995350053,8045_chron2
5357,96.3565854556623,5357_chron
7097,96.35812631091495,7097_chron
7915,96.36038718953732,7915_chron2
6386,96.3623042912103,6386_chron
6193,96.36359930529805,6193_chron
7115,96.36695684927899,7115_chron
5490,96.36822118057775,5490_chron
7816,96.38585760165262,7816_chron
7729,96.3879300357893,7729_chron
7697,96.38888735190011,7697_chron
4668,96.40091332968969,4668_chron
7944,96.4109615042552,7944_chron
6943,96.41652477685737,6943_chron
4800,96.42007293621349,4800_chron
8093,96.4300606908481,8093_acute
8049,96.43177962839857,8049_acute
7900,96.43681403188985,7900_chron2
8038,96.45021672002275,8038_chron
7806,96.46513460507595,7806_chron
8154,96.46952758697502,8154_chron
6050,96.48557862053016,6050_chron
7993,96.52509154930829,7993_chron
6922,96.5619448267414,6922_chron2
7893,96.57037556474111,7893_chron
8063,96.58472929042651,8063_chron
7646,96.59298426328192,7646_chron
4259,96.60674912203643,4259_chron
7862,96.61609406377595,7862_chron
7638,96.6349804134879,7638_chron
4646,96.64285358322647,4646_chron
7129,96.65103800930187,7129_chron2
6710,96.65282892093099,6710_chron
6654,96.68211996054598,6654_chron
7730,96.69091797962983,7730_chron
6571,96.69549809107554,6571_chron
4990,96.70363241201451,4990_chron
4161,96.7150350444415,4161_chron
7210,96.7194624011037,7210_chron
7733,96.72240326660581,7733_chron
7505,96.72582701018946,7505_chron
7997,96.72878009483541,7997_chron
7887,96.7499270933991,7887_chron
7224,96.7528946239437,7224_chron
6580,96.7545615234225,6580_chron
6030,96.75744279496907,6030_chron
6392,96.75767763721197,6392_chron
8047,96.77336743312478,8047_chron
7838,96.77538477981831,7838_chron2
8061,96.79314906708048,8061_chron
8167,96.80883832513703,8167_chron
7571,96.81328554681478,7571_chron
5768,96.82118024157654,5768_chron
7439,96.82621032797665,7439_chron
7026,96.84318378895627,7026_chron
6635,96.843329310951,6635_chron
7431,96.84845397174112,7431_chron
6815,96.85633820252728,6815_chron
7245,96.85757142511127,7245_chron
7333,96.86197926919725,7333_chron
8141,96.86903736611758,8141_chron
8046,96.87210291494507,8046_chron2
5085,96.87367369704035,5085_chron
8066,96.87394400685356,8066_chron
7474,96.8896301144439,7474_chron2
7548,96.89109428039718,7548_chron
8186,96.89918276454665,8186_chron2
7770,96.91168811579307,7770_chron2
5765,96.91414658335356,5765_chron
7049,96.91752969123195,7049_chron
7810,96.92836986501123,7810_chron2
6806,96.92998301223803,6806_chron
8020,96.94909965183679,8020_chron
2688,96.95757491018388,2688_chron
7393,96.96341875782784,7393_chron
6921,96.97004282710527,6921_chron2
7530,96.97415870917148,7530_chron
7986,96.97435539606812,7986_chron2
7728,96.97678695508851,7728_chron
8192,96.98001062846372,8192_chron
7772,96.9840919483875,7772_chron
7702,96.98483436294336,7702_chron2
7501,96.99258843935999,7501_chron
6419,97.00450441934188,6419_chron
7305,97.00480807164574,7305_chron
7817,97.01831629836607,7817_chron
7821,97.02302236608517,7821_chron
7449,97.02950120448087,7449_chron
7708,97.03582495766697,7708_chron
7876,97.0457739685945,7876_chron
7020,97.05183038261043,7020_chron
7044,97.0720938126682,7044_chron
7127,97.07308687659906,7127_chron
5918,97.0779828245188,5918_chron
4505,97.0809126507408,4505_chron
7610,97.08892538064133,7610_chron
7341,97.0962292399163,7341_chron
7912,97.1176942666863,7912_chron2
7940,97.11831418179948,7940_chron
8056,97.1198327774786,8056_chron2
7002,97.15963503033714,7002_chron
2488,97.16758909825106,2488_chron
7358,97.18314195259569,7358_chron
7691,97.22870777382772,7691_chron
5915,97.24000730821639,5915_chron
7774,97.24078627511089,7774_chron
7572,97.24517623335538,7572_chron
5708,97.26399910790279,5708_chron
7847,97.26570892134367,7847_chron
8035,97.28953547668229,8035_chron
7209,97.29212755756564,7209_chron
7895,97.29970364125089,7895_chron2
5269,97.31417063370164,5269_chron
7207,97.31419921669877,7207_chron
7164,97.32575619545833,7164_chron
7703,97.32756740903343,7703_chron
7566,97.331616869879,7566_chron2
4825,97.3495999302202,4825_chron
6748,97.35476342463393,6748_chron
6891,97.36257851930438,6891_chron
7614,97.36771427870593,7614_chron
5297,97.38330189235191,5297_chron
4698,97.39470324167517,4698_chron
6742,97.39699460262743,6742_chron
7604,97.41984252707016,7604_chron
6731,97.44095026141589,6731_chron
7396,97.44333294210455,7396_chron
7395,97.44531268065052,7395_chron2
7744,97.45108507869021,7744_chron
8223,97.45476543285095,8223_chron
7957,97.45755589769566,7957_chron
7812,97.47276360131536,7812_chron
8198,97.4739801102044,8198_chron
6756,97.48303570473891,6756_chron
5308,97.50385185556463,5308_chron
6235,97.504817221887,6235_chron
8127,97.51198936916049,8127_chron
8004,97.5187762561172,8004_chron
7263,97.53129148404832,7263_chron
7661,97.55156405903512,7661_chron
7674,97.55401321949495,7674_chron2
6610,97.57342472847358,6610_chron
7161,97.58359920755987,7161_chron
7724,97.59587502507819,7724_chron
7627,97.5995947388755,7627_chron
8203,97.60721101843102,8203_chron2
7933,97.61349688643185,7933_chron2
8240,97.6138213819943,8240_chron2
7856,97.62651861449542,7856_chron
8099,97.63652364016704,8099_chron2
8217,97.66994512279801,8217_chron
8084,97.6703142022614,8084_chron
7745,97.67650110258899,7745_chron
7018,97.67757850621948,7018_chron
7264,97.68456496042091,7264_chron2
5559,97.688451839519,5559_chron
7715,97.69000706317183,7715_chron
8244,97.7033955358121,8244_chron2
8243,97.72955951366009,8243_chron2
4696,97.73076052745853,4696_chron
6247,97.73256536972616,6247_chron
5828,97.73498890761108,5828_chron
5967,97.74717878691064,5967_chron
7444,97.74826078069623,7444_chron
8160,97.750930877186,8160_acute
7667,97.75555762396156,7667_chron
7843,97.75824260145004,7843_chron
8271,97.787760173537,8271_chron
8185,97.79467456426445,8185_chron
7624,97.80570771964803,7624_chron
7965,97.84423270897373,7965_chron2
8089,97.86406610206726,8089_chron
4142,97.87113365272756,4142_chron
8006,97.88503493426258,8006_chron
7534,97.89440369651153,7534_chron
7582,97.89530172677816,7582_chron
5120,97.89944614191694,5120_chron
8252,97.89954656944323,8252_chron
7657,97.90889131536886,7657_chron
8040,97.9097184635386,8040_chron2
8187,97.90988172040737,8187_chron
7709,97.91607034887564,7709_chron
7426,97.92074208473277,7426_chron
7919,97.92422923215076,7919_chron2
3260,97.92929323672205,3260_chron
8146,97.93022466942561,8146_chron
6168,97.93826980960061,6168_chron
8225,97.94061201411932,8225_chron2
6624,97.94305286848137,6624_chron
7266,97.94989366956821,7266_chron
7889,97.96966458645952,7889_chron2
8335,97.97488891896315,8335_chron
7905,97.97900807849989,7905_chron
7795,97.98998978283183,7795_chron2
6845,97.9936858398432,6845_chron
7738,98.01565743797353,7738_chron
5610,98.02812515843848,5610_chron
7758,98.03027832920436,7758_chron
7527,98.04234094365088,7527_chron
6240,98.04683848448892,6240_chron
5776,98.04867925329651,5776_chron
3412,98.05788059441412,3412_chron
7885,98.05940881056638,7885_chron
7158,98.0634502756366,7158_chron
7445,98.0984187452404,7445_chron
8307,98.10157477971734,8307_chron
7398,98.11831020716807,7398_chron
8285,98.1283467584339,8285_chron2
7711,98.13398635222718,7711_chron
7315,98.14113457138647,7315_chron
7513,98.1467564415548,7513_chron
6084,98.1496706767381,6084_chron
7156,98.15308115764903,7156_chron
8212,98.18879986469173,8212_chron2
6818,98.19464365312356,6818_chron
7172,98.19848964626827,7172_chron
7617,98.20983350615272,7617_chron
7249,98.21304576535424,7249_chron
2038,98.22121906553163,2038_chron
7317,98.22188036982412,7317_chron
6367,98.22761600335926,6367_chron
7688,98.23171416437573,7688_chron
8032,98.24718364202087,8032_chron
7300,98.24837904349428,7300_chron
7958,98.26596887752662,7958_chron
7618,98.27171554552018,7618_chron
8209,98.2718407679157,8209_chron
7354,98.27978236317024,7354_chron
3408,98.28785848176007,3408_chron
8322,98.297520571146,8322_chron2
7713,98.31008125815039,7713_chron
8279,98.34177977203936,8279_chron
4586,98.34369040623186,4586_chron
8055,98.37438339515022,8055_chron
7899,98.37730818209194,7899_chron2
4966,98.38616235793003,4966_chron
7150,98.40301390719111,7150_chron
5652,98.40420590714834,5652_chron
4035,98.42846869700593,4035_chron
6339,98.43624723792985,6339_chron
5596,98.45145283865438,5596_chron
2469,98.45329992940296,2469_chron
6769,98.45700357266313,6769_chron
8073,98.46164035362594,8073_chron
8347,98.46440103127593,8347_chron2
7937,98.49073983385725,7937_chron
8162,98.49975922923515,8162_chron2
7870,98.51738580285479,7870_chron
7278,98.53451990626132,7278_chron
7427,98.5345849572718,7427_chron
7684,98.53687821809514,7684_chron
8118,98.53955687077121,8118_chron
7022,98.5399904565686,7022_chron
8022,98.54085310090088,8022_chron2
8282,98.54893420590705,8282_chron
7145,98.55120121995063,7145_chron
6749,98.56416971730684,6749_chron
8277,98.56431957068419,8277_chron
7376,98.57338258232095,7376_chron
6740,98.57807170814377,6740_chron
1980,98.580658625883,1980_chron
8148,98.5821006971425,8148_chron2
7897,98.591020242164,7897_chron2
6093,98.59832505051315,6093_chron
7340,98.60449491680902,7340_chron
7854,98.60740184621518,7854_chron
6712,98.61258772809782,6712_chron2
3488,98.61288323522123,3488_chron
7487,98.61654794453754,7487_chron
8029,98.61787082281488,8029_chron
7701,98.62238069903717,7701_chron
8391,98.6225896835279,8391_chron2
6905,98.63479416266223,6905_chron
8230,98.64627373088463,8230_chron
7175,98.6493815737763,7175_chron
8207,98.6559056895336,8207_chron2
6882,98.67176978841084,6882_chron
5831,98.69633465984923,5831_chron
4503,98.71646624943003,4503_chron
8263,98.72186013242826,8263_chron
7635,98.72788282018297,7635_chron2
6968,98.7308272463661,6968_chron
7636,98.73334785565478,7636_chron
7597,98.73566007527451,7597_chron
7747,98.773093256969,7747_chron
7547,98.77595700285744,7547_chron
8111,98.79381202771548,8111_chron2
7366,98.79423538841834,7366_chron
7632,98.79848479636657,7632_chron
7942,98.8024355178813,7942_chron
8106,98.80347678240962,8106_chron2
6877,98.81271931207313,6877_chron2
7977,98.81850454983093,7977_chron
8268,98.82197055149202,8268_chron
8027,98.82272319164915,8027_chron
6508,98.83661918522337,6508_chron
6814,98.84323964125743,6814_chron
8249,98.84628665082509,8249_chron
8247,98.85852096057334,8247_chron
5014,98.85909174186779,5014_chron
8218,98.85996704645498,8218_chron2
7184,98.8635548712887,7184_chron
8231,98.86714584902045,8231_acute
7014,98.88316934976422,7014_chron
7914,98.88433532560117,7914_chron2
8236,98.88909314551542,8236_chron2
8259,98.90329933599888,8259_chron
8255,98.91645023849496,8255_chron
8165,98.9363738335992,8165_chron2
8117,98.93681438321617,8117_chron
7725,98.93734278098208,7725_chron2
7815,98.93803336424773,7815_chron2
8294,98.93991497311538,8294_chron2
7822,98.94611553767356,7822_chron
5472,98.95478801383562,5472_chron
6657,98.95757296478187,6657_chron
6502,98.97531870310941,6502_chron
8113,98.98726002903943,8113_chron
8418,98.99201365443615,8418_chron2
7975,99.00424433442717,7975_chron
7678,99.01976134025902,7678_chron
8408,99.02148840524791,8408_acute
7368,99.02901771708277,7368_chron
7479,99.02914140761075,7479_chron
5285,99.0331255498841,5285_chron
7679,99.04468798354824,7679_chron
7727,99.04555973952537,7727_chron
6733,99.04702296358839,6733_chron
7811,99.07230911863564,7811_chron
7397,99.07616440727598,7397_chron
5494,99.07636622112841,5494_chron
8205,99.09828881165602,8205_chron2
7705,99.11831959408495,7705_chron
8380,99.11880974512249,8380_chron2
8471,99.12736421374626,8471_chron
7036,99.133425107741,7036_chron
7098,99.14560169657109,7098_chron
7494,99.16150173892292,7494_chron
7472,99.16402158681599,7472_chron
7272,99.17236864000965,7272_chron
8193,99.1907851934911,8193_chron
7506,99.19208932128369,7506_chron
3690,99.20487847726471,3690_chron
4874,99.21403096303467,4874_chron
4312,99.21870138108136,4312_chron
7330,99.2196295514401,7330_chron
7831,99.22668137616,7831_chron
8211,99.23645117528886,8211_chron
5633,99.23931829236417,5633_chron
7116,99.2428416378785,7116_chron
7875,99.2483171528494,7875_chron
8466,99.25885498777895,8466_acute2
7777,99.27515465871598,7777_chron
7362,99.28292045904904,7362_chron2
3173,99.28390552604576,3173_chron
8262,99.29518149058367,8262_chron2
8382,99.3085622019501,8382_chron2
8016,99.33014251255562,8016_chron
8385,99.33772324529315,8385_chron
8300,99.33882696609204,8300_chron2
8351,99.35511694760991,8351_chron2
8476,99.36509356155842,8476_acute2
7525,99.3797889216258,7525_chron
8136,99.38051034676184,8136_chron2
7995,99.38565361737214,7995_chron
5839,99.38925753614606,5839_chron
8009,99.39007842102389,8009_chron2
6864,99.3931330848908,6864_chron
8284,99.40493207497961,8284_chron
7387,99.4093137659123,7387_chron
7142,99.40988346483269,7142_chron
8273,99.42633509769693,8273_chron2
7717,99.43888918786924,7717_chron
7189,99.45564592894165,7189_chron
8028,99.46390684752258,8028_chron
8415,99.46549877267086,8415_chron2
7959,99.48601333765828,7959_chron
8435,99.49970323714014,8435_chron
8402,99.50324468035879,8402_chron
7888,99.51948381467422,7888_chron
8052,99.5218240326195,8052_chron
7979,99.52197341076416,7979_chron
7826,99.54907927564045,7826_chron
8457,99.5516356277839,8457_chron2
7943,99.55315822906279,7943_chron
8487,99.55521528985734,8487_chron2
8164,99.57750303157624,8164_chron2
8454,99.58130613207899,8454_chron
7010,99.58180337147212,7010_chron
8126,99.5845417592712,8126_chron
8086,99.58563823643165,8086_chron
8412,99.58876548845697,8412_chron
4332,99.59052147129565,4332_chron
7664,99.59986556081674,7664_chron
6100,99.61002312391122,6100_chron
8313,99.6104321638282,8313_chron2
8131,99.62385006629631,8131_chron2
7062,99.6331723384019,7062_chron
7149,99.63678207347203,7149_chron2
7950,99.63997201841673,7950_chron
8237,99.64073065246765,8237_chron
8439,99.64182671138819,8439_chron2
7842,99.64944465811506,7842_chron
4112,99.6610895794827,4112_chron
7890,99.66408086049273,7890_chron
7551,99.66819165979258,7551_chron
7539,99.67234015923769,7539_chron
7076,99.67973288270258,7076_chron
7833,99.70025006800101,7833_chron
8137,99.70052754877764,8137_chron
8121,99.71932440388551,8121_chron
7845,99.72452166342954,7845_chron
6572,99.72875390563213,6572_chron
6358,99.73174729889587,6358_chron
7976,99.73341764267646,7976_chron
7884,99.74595799371443,7884_chron
8057,99.74873580122537,8057_chron2
8115,99.76604271705791,8115_chron2
8441,99.77373290575365,8441_chron
7751,99.77986150082306,7751_chron2
8291,99.78275093809467,8291_chron
8095,99.78384816867026,8095_chron
7671,99.78514996506296,7671_chron
4932,99.79570605412323,4932_chron
6282,99.80335609746031,6282_chron
7722,99.810621074232,7722_chron
8013,99.81791380963995,8013_chron
8348,99.82538696793196,8348_chron
7195,99.82774267717092,7195_chron
7329,99.83537025772722,7329_chron
8324,99.85027004468117,8324_chron2
8312,99.85108356470315,8312_chron
8071,99.85657592641472,8071_chron
8124,99.87528470130884,8124_chron
8081,99.87868516508868,8081_chron
8065,99.88595867116798,8065_chron
8445,99.89042943097856,8445_chron2
6071,99.8919720112562,6071_chron
8305,99.90063833618501,8305_chron
7004,99.91412961426467,7004_chron
7782,99.91729704836109,7782_chron
6650,99.91872688904718,6650_chron
7737,99.92844717866701,7737_chron
8492,99.94594190985698,8492_chron2
8516,99.95674369741495,8516_acute
7526,99.9584312663073,7526_chron
6962,99.97572440218534,6962_chron
8423,99.97613004415737,8423_chron
6950,99.98089894355921,6950_chron
8325,99.9824103241853,8325_chron
8058,99.98653796044667,8058_chron
8019,99.9867814774389,8019_chron
8379,99.99475161268849,8379_chron2
7996,100.01819524343601,7996_chron
7675,100.0324233055636,7675_chron
5974,100.03869339503193,5974_chron2
8495,100.0454295313679,8495_chron
7128,100.04549148369156,7128_chron2
7437,100.04995465865996,7437_chron
8172,100.05639976058072,8172_chron
6326,100.0730397595355,6326_chron
7178,100.07394602098053,7178_chron
8464,100.07793334337823,8464_chron
8483,100.0802870209782,8483_chron
8151,100.08224536304736,8151_chron
4777,100.08654551208771,4777_chron
8304,100.10784181621973,8304_chron2
7309,100.11524712932878,7309_chron
8142,100.11781488198189,8142_chron2
6994,100.12163584340463,6994_chron
6848,100.12441941819904,6848_chron
7891,100.12798966619648,7891_chron
8486,100.13011083261449,8486_chron2
6647,100.1314399070173,6647_chron
8497,100.13213007036879,8497_chron
8173,100.1397377633181,8173_chron
8266,100.1452074069659,8266_chron
5805,100.14839121372034,5805_chron
8200,100.1547380528758,8200_chron
6421,100.15508517116875,6421_chron
7269,100.16102345797266,7269_chron
7438,100.16329788348307,7438_chron2
7953,100.16463049267584,7953_chron2
8085,100.1658393644307,8085_chron
6894,100.17199030034257,6894_chron
8491,100.1721772137907,8491_chron
8546,100.1722395238929,8546_chron2
7970,100.17762500365167,7970_chron
8229,100.18894866936805,8229_chron
5984,100.20701791977737,5984_chron
8005,100.22490173646685,8005_chron
7951,100.22623318722304,7951_chron
8534,100.27794134212694,8534_chron2
7122,100.3017662114486,7122_chron
4121,100.32780747314006,4121_chron
8116,100.34444968919792,8116_chron
5983,100.34625040071589,5983_chron
7824,100.38064234581185,7824_chron
8026,100.41178776648111,8026_chron2
7523,100.41204565448307,7523_chron
8417,100.41738840652724,8417_chron
8386,100.42233576296361,8386_chron
7013,100.43103883545896,7013_chron
7652,100.4317142681058,7652_chron2
8043,100.43345447410123,8043_chron
7954,100.43555026896773,7954_chron
7791,100.43670886970929,7791_chron
8503,100.44714089999584,8503_chron
8105,100.45124196715696,8105_chron
8062,100.45125330593419,8062_chron
7673,100.470570187318,7673_chron
8459,100.47325213818051,8459_chron
6333,100.48123491665632,6333_chron
6727,100.48127168833066,6727_chron
6927,100.51736163394,6927_chron
7613,100.5229210425034,7613_chron
8623,100.53396346706867,8623_acute2
5350,100.53545743061473,5350_chron
7237,100.53874338574353,7237_chron
5209,100.53975790978642,5209_chron
8424,100.55522456577161,8424_chron
8242,100.55751058310148,8242_chron
6068,100.56288099433783,6068_chron
8258,100.5677450618585,8258_chron2
6364,100.5757171759293,6364_chron
8416,100.59343421673785,8416_chron2
7928,100.60171675983645,7928_chron
7712,100.61082100182593,7712_chron
7863,100.61616692049175,7863_chron
8579,100.63087689070382,8579_acute
7990,100.63740343433562,7990_chron
8496,100.63772125674888,8496_chron
8296,100.64108428374293,8296_chron
7981,100.64197903144678,7981_chron2
8384,100.64399172236637,8384_acute
8411,100.65725847095803,8411_chron
7956,100.67085588121677,7956_chron2
8188,100.67525090321384,8188_chron
8413,100.6753166808529,8413_chron2
7998,100.67887403370881,7998_chron2
6504,100.69262125940972,6504_chron
7144,100.69504650572195,7144_chron
6246,100.69743097698797,6246_chron
7714,100.70232670869628,7714_chron
8510,100.70242889878676,8510_chron
7925,100.72535537096536,7925_chron
2244,100.73397284851684,2244_chron
7754,100.74274331898748,7754_chron
4081,100.74515724975889,4081_chron
8563,100.76499636458406,8563_chron2
8213,100.77180596133115,8213_chron
6371,100.77648767706475,6371_chron
7408,100.77706275785287,7408_chron
6456,100.77945886307035,6456_chron
8602,100.78433352222689,8602_acute2
8482,100.78505712319244,8482_acute
8030,100.78843334551675,8030_chron
7623,100.80156250551882,7623_chron
8484,100.80477843400018,8484_chron2
7894,100.80668187429598,7894_chron
7832,100.81553850272779,7832_chron
8175,100.81831046082624,8175_chron
8208,100.84175276295831,8208_chron
7848,100.87786687944353,7848_chron2
7978,100.8926483172697,7978_chron
8410,100.89275132386602,8410_chron
8260,100.90012504469117,8260_chron
7234,100.9077947234205,7234_chron
8488,100.90864737832001,8488_chron2
8397,100.90878918619134,8397_chron
7692,100.91550077870497,7692_chron
6876,100.92170647537313,6876_chron
8378,100.94079492741868,8378_chron2
8372,100.95865504731108,8372_chron2
8387,100.96770835413787,8387_chron
8630,100.97328957529045,8630_chron
5737,100.98701936774435,5737_chron
8308,101.0,8308_acute
8311,101.0,8311_acute
8368,101.0,8368_acute
8429,101.0,8429_acute
8450,101.0,8450_acute
8469,101.0,8469_acute
8479,101.0,8479_acute
8480,101.0,8480_acute
8512,101.0,8512_acute
8525,101.0,8525_acute
8527,101.0,8527_acute
8536,101.0,8536_acute
8550,101.0,8550_acute
8553,101.0,8553_acute
8558,101.0,8558_acute
8564,101.0,8564_acute
8520,101.0,8520_acute
8526,101.0,8526_acute
8570,101.0,8570_acute
8452,101.0,8452_acute
8573,101.0,8573_acute
8576,101.0,8576_acute
8577,101.0,8577_acute
8578,101.0,8578_acute
8585,101.0,8585_acute
8594,101.0,8594_acute
8595,101.0,8595_acute
8493,101.0,8493_acute
8597,101.0,8597_acute
8600,101.0,8600_acute
8604,101.0,8604_acute
8611,101.0,8611_acute
8612,101.0,8612_acute
8617,101.0,8617_acute
8620,101.0,8620_acute
8624,101.0,8624_acute
8625,101.0,8625_acute
8632,101.0,8632_acute
8634,101.0,8634_acute
8635,101.0,8635_acute
8636,101.0,8636_acute
8638,101.0,8638_acute
8640,101.0,8640_acute
8641,101.0,8641_acute
8643,101.0,8643_acute
8647,101.0,8647_acute
8649,101.0,8649_acute
8650,101.0,8650_acute
8652,101.0,8652_acute
8601,101.0,8601_acute
8655,101.0,8655_acute
8658,101.0,8658_acute
8660,101.0,8660_acute
8572,101.0,8572_acute
8538,101.0,8538_acute
8665,101.0,8665_acute
8667,101.0,8667_acute
8671,101.0,8671_acute
8672,101.0,8672_acute
8676,101.0,8676_acute
8677,101.0,8677_acute
8393,101.0,8393_acute
8678,101.0,8678_acute
8679,101.0,8679_acute
8680,101.0,8680_acute
8681,101.0,8681_acute
8683,101.0,8683_acute
8684,101.0,8684_acute
8685,101.0,8685_acute
3400,101.0,3400_chron
3871,101.0,3871_chron
2771,101.0,2771_chron
3744,101.0,3744_chron
3772,101.0,3772_chron
4131,101.0,4131_chron
2899,101.0,2899_chron
4243,101.0,4243_chron
4229,101.0,4229_chron
3856,101.0,3856_chron
3464,101.0,3464_chron
4403,101.0,4403_chron
3970,101.0,3970_chron
4492,101.0,4492_chron
4253,101.0,4253_chron
4645,101.0,4645_chron
4168,101.0,4168_chron
4916,101.0,4916_chron
4934,101.0,4934_chron
4689,101.0,4689_chron
4073,101.0,4073_chron
3398,101.0,3398_chron
5105,101.0,5105_chron
5087,101.0,5087_chron
4950,101.0,4950_chron
4472,101.0,4472_chron
5124,101.0,5124_chron
4460,101.0,4460_chron
4965,101.0,4965_chron
3605,101.0,3605_chron
5365,101.0,5365_chron
4137,101.0,4137_chron
5345,101.0,5345_chron
5296,101.0,5296_chron
5870,101.0,5870_chron
5936,101.0,5936_chron
5762,101.0,5762_chron
5529,101.0,5529_chron
5635,101.0,5635_chron
6036,101.0,6036_chron
6206,101.0,6206_chron
5401,101.0,5401_chron
6225,101.0,6225_chron
6192,101.0,6192_chron
6112,101.0,6112_chron
6214,101.0,6214_chron
5896,101.0,5896_chron
6198,101.0,6198_chron
6179,101.0,6179_chron
6194,101.0,6194_chron
6296,101.0,6296_chron
6328,101.0,6328_chron
6239,101.0,6239_chron
6377,101.0,6377_chron
6258,101.0,6258_chron
6269,101.0,6269_chron
5639,101.0,5639_chron
6406,101.0,6406_chron
6448,101.0,6448_chron
4822,101.0,4822_chron
6488,101.0,6488_chron
6486,101.0,6486_chron
6469,101.0,6469_chron
6252,101.0,6252_chron
5997,101.0,5997_chron
6532,101.0,6532_chron
6472,101.0,6472_chron
6516,101.0,6516_chron
6526,101.0,6526_chron
6539,101.0,6539_chron
6562,101.0,6562_chron
6060,101.0,6060_chron
6452,101.0,6452_chron
6442,101.0,6442_chron
6627,101.0,6627_chron
6587,101.0,6587_chron
6494,101.0,6494_chron
6699,101.0,6699_chron
6414,101.0,6414_chron
6001,101.0,6001_chron
6519,101.0,6519_chron
6263,101.0,6263_chron
6745,101.0,6745_chron
6686,101.0,6686_chron
6808,101.0,6808_chron
6807,101.0,6807_chron
6439,101.0,6439_chron
6309,101.0,6309_chron
6271,101.0,6271_chron
6811,101.0,6811_chron
6753,101.0,6753_chron
6883,101.0,6883_chron
6582,101.0,6582_chron
6862,101.0,6862_chron
6695,101.0,6695_chron
6668,101.0,6668_chron
6676,101.0,6676_chron
6760,101.0,6760_chron
6853,101.0,6853_chron
6912,101.0,6912_chron
6468,101.0,6468_chron
6914,101.0,6914_chron
6959,101.0,6959_chron
6570,101.0,6570_chron
6569,101.0,6569_chron
6932,101.0,6932_chron
6973,101.0,6973_chron
6871,101.0,6871_chron
6752,101.0,6752_chron
6898,101.0,6898_chron
6938,101.0,6938_chron
6754,101.0,6754_chron
6775,101.0,6775_chron
6825,101.0,6825_chron
6207,101.0,6207_chron
5442,101.0,5442_chron
6947,101.0,6947_chron
6998,101.0,6998_chron
7039,101.0,7039_chron
6951,101.0,6951_chron
6992,101.0,6992_chron
6199,101.0,6199_chron
7024,101.0,7024_chron
6872,101.0,6872_chron
6989,101.0,6989_chron
6955,101.0,6955_chron
6963,101.0,6963_chron
7104,101.0,7104_chron
5507,101.0,5507_chron
7037,101.0,7037_chron
6984,101.0,6984_chron
6954,101.0,6954_chron
6732,101.0,6732_chron
7101,101.0,7101_chron
7071,101.0,7071_chron
7146,101.0,7146_chron
6428,101.0,6428_chron
7089,101.0,7089_chron
7087,101.0,7087_chron
7147,101.0,7147_chron
6859,101.0,6859_chron
7135,101.0,7135_chron
7208,101.0,7208_chron
6213,101.0,6213_chron
7141,101.0,7141_chron
6298,101.0,6298_chron
7140,101.0,7140_chron
7231,101.0,7231_chron
6159,101.0,6159_chron
7202,101.0,7202_chron
7148,101.0,7148_chron
7211,101.0,7211_chron
6942,101.0,6942_chron
7200,101.0,7200_chron
7259,101.0,7259_chron
7222,101.0,7222_chron
7109,101.0,7109_chron
6900,101.0,6900_chron
7282,101.0,7282_chron
7284,101.0,7284_chron
7301,101.0,7301_chron
7290,101.0,7290_chron
7335,101.0,7335_chron
7298,101.0,7298_chron
6702,101.0,6702_chron
7276,101.0,7276_chron
7238,101.0,7238_chron
7240,101.0,7240_chron
7334,101.0,7334_chron
7303,101.0,7303_chron
7294,101.0,7294_chron
7124,101.0,7124_chron
7343,101.0,7343_chron
3890,101.0,3890_chron
7067,101.0,7067_chron
7323,101.0,7323_chron
7374,101.0,7374_chron
7370,101.0,7370_chron
7405,101.0,7405_chron
6956,101.0,6956_chron
7106,101.0,7106_chron
6981,101.0,6981_chron
7180,101.0,7180_chron
7410,101.0,7410_chron
7113,101.0,7113_chron
7350,101.0,7350_chron
7320,101.0,7320_chron
6910,101.0,6910_chron
7436,101.0,7436_chron
7157,101.0,7157_chron
7490,101.0,7490_chron
7289,101.0,7289_chron
7409,101.0,7409_chron
6595,101.0,6595_chron
7511,101.0,7511_chron
7235,101.0,7235_chron
7524,101.0,7524_chron
7297,101.0,7297_chron
7503,101.0,7503_chron
6579,101.0,6579_chron
7250,101.0,7250_chron
7382,101.0,7382_chron
7424,101.0,7424_chron
7507,101.0,7507_chron
7325,101.0,7325_chron
7434,101.0,7434_chron
7550,101.0,7550_chron
7088,101.0,7088_chron
7512,101.0,7512_chron
7576,101.0,7576_chron
7450,101.0,7450_chron
7425,101.0,7425_chron
7435,101.0,7435_chron
7567,101.0,7567_chron
7595,101.0,7595_chron
7557,101.0,7557_chron
7529,101.0,7529_chron
7579,101.0,7579_chron
7554,101.0,7554_chron
7441,101.0,7441_chron
7486,101.0,7486_chron
7415,101.0,7415_chron
7555,101.0,7555_chron
7364,101.0,7364_chron
7580,101.0,7580_chron
7274,101.0,7274_chron
7386,101.0,7386_chron
7585,101.0,7585_chron
7499,101.0,7499_chron
7151,101.0,7151_chron
7589,101.0,7589_chron
7601,101.0,7601_chron
7451,101.0,7451_chron
7194,101.0,7194_chron
7500,101.0,7500_chron
7561,101.0,7561_chron
7244,101.0,7244_chron
7361,101.0,7361_chron
7607,101.0,7607_chron
7600,101.0,7600_chron
7478,101.0,7478_chron
7179,101.0,7179_chron
7676,101.0,7676_chron
7569,101.0,7569_chron
7653,101.0,7653_chron
7516,101.0,7516_chron
7651,101.0,7651_chron
7565,101.0,7565_chron
6615,101.0,6615_chron
7592,101.0,7592_chron
7710,101.0,7710_chron
7685,101.0,7685_chron
6919,101.0,6919_chron
7442,101.0,7442_chron
7522,101.0,7522_chron
7739,101.0,7739_chron
7562,101.0,7562_chron
7694,101.0,7694_chron
7312,101.0,7312_chron
7656,101.0,7656_chron
7763,101.0,7763_chron
7731,101.0,7731_chron
7603,101.0,7603_chron
7455,101.0,7455_chron
7719,101.0,7719_chron
5998,101.0,5998_chron
7639,101.0,7639_chron
7665,101.0,7665_chron
7786,101.0,7786_chron
7584,101.0,7584_chron
7802,101.0,7802_chron
7780,101.0,7780_chron
7765,101.0,7765_chron
7606,101.0,7606_chron
7799,101.0,7799_chron
7417,101.0,7417_chron
7699,101.0,7699_chron
7818,101.0,7818_chron
7762,101.0,7762_chron
7798,101.0,7798_chron
7648,101.0,7648_chron
7704,101.0,7704_chron
7201,101.0,7201_chron
7291,101.0,7291_chron
7834,101.0,7834_chron
7773,101.0,7773_chron
7689,101.0,7689_chron
7379,101.0,7379_chron
7830,101.0,7830_chron
7399,101.0,7399_chron
7696,101.0,7696_chron
7803,101.0,7803_chron
7776,101.0,7776_chron
7846,101.0,7846_chron
7771,101.0,7771_chron
7051,101.0,7051_chron
7837,101.0,7837_chron
7859,101.0,7859_chron
7792,101.0,7792_chron
7797,101.0,7797_chron
7787,101.0,7787_chron
7807,101.0,7807_chron
7760,101.0,7760_chron
7858,101.0,7858_chron
7769,101.0,7769_chron
7903,101.0,7903_chron
7720,101.0,7720_chron
7498,101.0,7498_chron
7680,101.0,7680_chron
6937,101.0,6937_chron
7927,101.0,7927_chron
7945,101.0,7945_chron
7920,101.0,7920_chron
7881,101.0,7881_chron
7311,101.0,7311_chron
7935,101.0,7935_chron
7853,101.0,7853_chron
7966,101.0,7966_chron
7969,101.0,7969_chron
7968,101.0,7968_chron
7861,101.0,7861_chron
7612,101.0,7612_chron
7972,101.0,7972_chron
7839,101.0,7839_chron
7254,101.0,7254_chron
7852,101.0,7852_chron
7401,101.0,7401_chron
7866,101.0,7866_chron
7452,101.0,7452_chron
7402,101.0,7402_chron
8010,101.0,8010_chron
7518,101.0,7518_chron
7743,101.0,7743_chron
7622,101.0,7622_chron
7819,101.0,7819_chron
7836,101.0,7836_chron
7465,101.0,7465_chron
7598,101.0,7598_chron
7983,101.0,7983_chron
7805,101.0,7805_chron
7913,101.0,7913_chron
8007,101.0,8007_chron
7961,101.0,7961_chron
7654,101.0,7654_chron
7924,101.0,7924_chron
7800,101.0,7800_chron
7790,101.0,7790_chron
7964,101.0,7964_chron
8037,101.0,8037_chron
7742,101.0,7742_chron
7939,101.0,7939_chron
7909,101.0,7909_chron
7695,101.0,7695_chron
7896,101.0,7896_chron
8034,101.0,8034_chron
7625,101.0,7625_chron
8023,101.0,8023_chron
7992,101.0,7992_chron
8076,101.0,8076_chron
7716,101.0,7716_chron
8051,101.0,8051_chron
7949,101.0,7949_chron
7130,101.0,7130_chron
7827,101.0,7827_chron
7365,101.0,7365_chron
8080,101.0,8080_chron
8068,101.0,8068_chron
7640,101.0,7640_chron
7985,101.0,7985_chron
7929,101.0,7929_chron
8054,101.0,8054_chron
8031,101.0,8031_chron
8008,101.0,8008_chron
8070,101.0,8070_chron
8033,101.0,8033_chron
7784,101.0,7784_chron
8096,101.0,8096_chron
7672,101.0,7672_chron
8001,101.0,8001_chron
7850,101.0,7850_chron
7619,101.0,7619_chron
8048,101.0,8048_chron
8088,101.0,8088_chron
8003,101.0,8003_chron
7962,101.0,7962_chron
7732,101.0,7732_chron
7647,101.0,7647_chron
7540,101.0,7540_chron
7796,101.0,7796_chron
8140,101.0,8140_chron
8083,101.0,8083_chron
8000,101.0,8000_chron
8075,101.0,8075_chron
8157,101.0,8157_chron
8130,101.0,8130_chron
8168,101.0,8168_chron
7389,101.0,7389_chron
7447,101.0,7447_chron
7922,101.0,7922_chron
8074,101.0,8074_chron
7855,101.0,7855_chron
8107,101.0,8107_chron
8125,101.0,8125_chron
7984,101.0,7984_chron
8100,101.0,8100_chron
7921,101.0,7921_chron
8163,101.0,8163_chron
7930,101.0,7930_chron
8091,101.0,8091_chron
8108,101.0,8108_chron
7823,101.0,7823_chron
8180,101.0,8180_chron
8178,101.0,8178_chron
8152,101.0,8152_chron
7753,101.0,7753_chron
8098,101.0,8098_chron
8176,101.0,8176_chron
7967,101.0,7967_chron
8184,101.0,8184_chron
8024,101.0,8024_chron
8119,101.0,8119_chron
8122,101.0,8122_chron
8138,101.0,8138_chron
8201,101.0,8201_chron
8159,101.0,8159_chron
8112,101.0,8112_chron
7355,101.0,7355_chron
8197,101.0,8197_chron
8181,101.0,8181_chron
6478,101.0,6478_chron
8060,101.0,8060_chron
6590,101.0,6590_chron
8234,101.0,8234_chron
8166,101.0,8166_chron
8190,101.0,8190_chron
8082,101.0,8082_chron
8233,101.0,8233_chron
8018,101.0,8018_chron
8102,101.0,8102_chron
8196,101.0,8196_chron
7668,101.0,7668_chron
8265,101.0,8265_chron
8221,101.0,8221_chron
8174,101.0,8174_chron
8226,101.0,8226_chron
8156,101.0,8156_chron
8145,101.0,8145_chron
7814,101.0,7814_chron
7706,101.0,7706_chron
8278,101.0,8278_chron
7788,101.0,7788_chron
7645,101.0,7645_chron
8135,101.0,8135_chron
8256,101.0,8256_chron
8104,101.0,8104_chron
8210,101.0,8210_chron
8191,101.0,8191_chron
8235,101.0,8235_chron
8153,101.0,8153_chron
8274,101.0,8274_chron
8286,101.0,8286_chron
6786,101.0,6786_chron
8139,101.0,8139_chron
5110,101.0,5110_chron
8290,101.0,8290_chron
8293,101.0,8293_chron
8144,101.0,8144_chron
8053,101.0,8053_chron
8261,101.0,8261_chron
8170,101.0,8170_chron
7941,101.0,7941_chron
8329,101.0,8329_chron
8309,101.0,8309_chron
8275,101.0,8275_chron
8182,101.0,8182_chron
7918,101.0,7918_chron
8072,101.0,8072_chron
8321,101.0,8321_chron
8195,101.0,8195_chron
8103,101.0,8103_chron
8330,101.0,8330_chron
8143,101.0,8143_chron
8042,101.0,8042_chron
8332,101.0,8332_chron
8194,101.0,8194_chron
8206,101.0,8206_chron
8288,101.0,8288_chron
8320,101.0,8320_chron
8171,101.0,8171_chron
8224,101.0,8224_chron
8276,101.0,8276_chron
7570,101.0,7570_chron
8295,101.0,8295_chron
8179,101.0,8179_chron
8338,101.0,8338_chron
7644,101.0,7644_chron
8361,101.0,8361_chron
8342,101.0,8342_chron
8319,101.0,8319_chron
8371,101.0,8371_chron
8158,101.0,8158_chron
7963,101.0,7963_chron
8189,101.0,8189_chron
8367,101.0,8367_chron
8327,101.0,8327_chron
7813,101.0,7813_chron
8264,101.0,8264_chron
8374,101.0,8374_chron
7991,101.0,7991_chron
8036,101.0,8036_chron
8147,101.0,8147_chron
8388,101.0,8388_chron
6373,101.0,6373_chron
8362,101.0,8362_chron
7973,101.0,7973_chron
8337,101.0,8337_chron
8395,101.0,8395_chron
8400,101.0,8400_chron
8336,101.0,8336_chron
7877,101.0,7877_chron
8220,101.0,8220_chron
8214,101.0,8214_chron
8232,101.0,8232_chron
7926,101.0,7926_chron
8373,101.0,8373_chron
7886,101.0,7886_chron
8346,101.0,8346_chron
7911,101.0,7911_chron
8219,101.0,8219_chron
8323,101.0,8323_chron
8299,101.0,8299_chron
7982,101.0,7982_chron
8241,101.0,8241_chron
8404,101.0,8404_chron
7740,101.0,7740_chron
8334,101.0,8334_chron
8306,101.0,8306_chron
8360,101.0,8360_chron
8396,101.0,8396_chron
8222,101.0,8222_chron
8401,101.0,8401_chron
7869,101.0,7869_chron
8442,101.0,8442_chron
8094,101.0,8094_chron
8353,101.0,8353_chron
7917,101.0,7917_chron
7351,101.0,7351_chron
8350,101.0,8350_chron
8250,101.0,8250_chron
8202,101.0,8202_chron
8087,101.0,8087_chron
6913,101.0,6913_chron
7906,101.0,7906_chron
8150,101.0,8150_chron
8129,101.0,8129_chron
7559,101.0,7559_chron
8317,101.0,8317_chron
7804,101.0,7804_chron
8109,101.0,8109_chron
8409,101.0,8409_chron
7844,101.0,7844_chron
8363,101.0,8363_chron
8149,101.0,8149_chron
8398,101.0,8398_chron
7849,101.0,7849_chron
7980,101.0,7980_chron
8169,101.0,8169_chron
8314,101.0,8314_chron
7880,101.0,7880_chron
7616,101.0,7616_chron
8446,101.0,8446_chron
8315,101.0,8315_chron
8453,101.0,8453_chron
8465,101.0,8465_chron
8326,101.0,8326_chron
8505,101.0,8505_chron
8302,101.0,8302_chron
8498,101.0,8498_chron
8228,101.0,8228_chron
8461,101.0,8461_chron
8456,101.0,8456_chron
8254,101.0,8254_chron
8458,101.0,8458_chron
8463,101.0,8463_chron
7621,101.0,7621_chron
8316,101.0,8316_chron
8369,101.0,8369_chron
8216,101.0,8216_chron
7577,101.0,7577_chron
8340,101.0,8340_chron
8533,101.0,8533_chron
8532,101.0,8532_chron
8430,101.0,8430_chron
8433,101.0,8433_chron
8539,101.0,8539_chron
8364,101.0,8364_chron
8392,101.0,8392_chron
8470,101.0,8470_chron
8448,101.0,8448_chron
8535,101.0,8535_chron
7757,101.0,7757_chron
8134,101.0,8134_chron
8560,101.0,8560_chron
8523,101.0,8523_chron
8133,101.0,8133_chron
8246,101.0,8246_chron
8444,101.0,8444_chron
8447,101.0,8447_chron
8339,101.0,8339_chron
8050,101.0,8050_chron
8500,101.0,8500_chron
8547,101.0,8547_chron
8358,101.0,8358_chron
8529,101.0,8529_chron
7868,101.0,7868_chron
8251,101.0,8251_chron
8501,101.0,8501_chron
8414,101.0,8414_chron
8451,101.0,8451_chron
8494,101.0,8494_chron
8472,101.0,8472_chron
8355,101.0,8355_chron
8248,101.0,8248_chron
8587,101.0,8587_chron
8591,101.0,8591_chron
8568,101.0,8568_chron
7543,101.0,7543_chron
7611,101.0,7611_chron
8245,101.0,8245_chron
8540,101.0,8540_chron
8566,101.0,8566_chron
8549,101.0,8549_chron
8440,101.0,8440_chron
8530,101.0,8530_chron
6823,101.0,6823_chron
8544,101.0,8544_chron
8590,101.0,8590_chron
8515,101.0,8515_chron
8283,101.0,8283_chron
7755,101.0,7755_chron
8341,101.0,8341_chron
8507,101.0,8507_chron
8376,101.0,8376_chron
8345,101.0,8345_chron
8357,101.0,8357_chron
8543,101.0,8543_chron
8607,101.0,8607_chron
8626,101.0,8626_chron
8613,101.0,8613_chron
7793,101.0,7793_chron
8565,101.0,8565_chron
8622,101.0,8622_chron
7493,101.0,7493_chron
8272,101.0,8272_chron
8399,101.0,8399_chron
8366,101.0,8366_chron
8101,101.0,8101_chron
8575,101.0,8575_chron
8280,101.0,8280_chron
8521,101.0,8521_chron
8389,101.0,8389_chron
8422,101.0,8422_chron
8633,101.0,8633_chron
8598,101.0,8598_chron
8629,101.0,8629_chron
8460,101.0,8460_chron
8474,101.0,8474_chron
8297,101.0,8297_chron
8631,101.0,8631_chron
8110,101.0,8110_chron
8511,101.0,8511_chron
8478,101.0,8478_chron
8557,101.0,8557_chron
8574,101.0,8574_chron
8621,101.0,8621_chron
8390,101.0,8390_chron
7936,101.0,7936_chron
8356,101.0,8356_chron
8359,101.0,8359_chron
8328,101.0,8328_chron
8651,101.0,8651_chron
8669,101.0,8669_chron
8183,101.0,8183_chron
8257,101.0,8257_chron
8449,101.0,8449_chron
8659,101.0,8659_chron
8645,101.0,8645_chron
8670,101.0,8670_chron
8406,101.0,8406_chron
8656,101.0,8656_chron
8239,101.0,8239_chron
8545,101.0,8545_chron
8614,101.0,8614_chron
8619,101.0,8619_chron
8675,101.0,8675_chron
8509,101.0,8509_chron
8592,101.0,8592_chron
8541,101.0,8541_chron
8292,101.0,8292_acute2
8375,101.0,8375_acute2
8405,101.0,8405_acute2
8434,101.0,8434_acute2
8437,101.0,8437_acute2
8438,101.0,8438_acute2
8524,101.0,8524_acute2
8531,101.0,8531_acute2
8542,101.0,8542_acute2
8551,101.0,8551_acute2
8552,101.0,8552_acute2
8555,101.0,8555_acute2
8571,101.0,8571_acute2
8583,101.0,8583_acute2
8584,101.0,8584_acute2
8588,101.0,8588_acute2
8593,101.0,8593_acute2
8596,101.0,8596_acute2
8599,101.0,8599_acute2
8603,101.0,8603_acute2
8605,101.0,8605_acute2
8606,101.0,8606_acute2
8608,101.0,8608_acute2
8615,101.0,8615_acute2
8616,101.0,8616_acute2
8627,101.0,8627_acute2
8637,101.0,8637_acute2
8639,101.0,8639_acute2
8644,101.0,8644_acute2
8648,101.0,8648_acute2
8653,101.0,8653_acute2
8654,101.0,8654_acute2
8657,101.0,8657_acute2
8663,101.0,8663_acute2
8664,101.0,8664_acute2
8666,101.0,8666_acute2
8668,101.0,8668_acute2
8673,101.0,8673_acute2
8674,101.0,8674_acute2
8682,101.0,8682_acute2
8686,101.0,8686_acute2
8687,101.0,8687_acute2
8688,101.0,8688_acute2
7052,101.0,7052_chron2
7277,101.0,7277_chron2
7463,101.0,7463_chron2
7599,101.0,7599_chron2
7663,101.0,7663_chron2
7682,101.0,7682_chron2
7783,101.0,7783_chron2
7892,101.0,7892_chron2
7835,101.0,7835_chron2
7923,101.0,7923_chron2
7874,101.0,7874_chron2
7864,101.0,7864_chron2
7883,101.0,7883_chron2
7974,101.0,7974_chron2
7988,101.0,7988_chron2
8064,101.0,8064_chron2
8069,101.0,8069_chron2
8077,101.0,8077_chron2
7860,101.0,7860_chron2
7971,101.0,7971_chron2
7871,101.0,7871_chron2
8078,101.0,8078_chron2
8039,101.0,8039_chron2
8067,101.0,8067_chron2
8092,101.0,8092_chron2
8120,101.0,8120_chron2
8123,101.0,8123_chron2
7910,101.0,7910_chron2
7994,101.0,7994_chron2
8090,101.0,8090_chron2
8161,101.0,8161_chron2
8132,101.0,8132_chron2
8097,101.0,8097_chron2
8227,101.0,8227_chron2
8199,101.0,8199_chron2
8253,101.0,8253_chron2
7989,101.0,7989_chron2
8270,101.0,8270_chron2
8114,101.0,8114_chron2
8215,101.0,8215_chron2
8204,101.0,8204_chron2
8289,101.0,8289_chron2
8238,101.0,8238_chron2
8331,101.0,8331_chron2
8298,101.0,8298_chron2
8177,101.0,8177_chron2
8318,101.0,8318_chron2
8287,101.0,8287_chron2
8301,101.0,8301_chron2
8155,101.0,8155_chron2
8333,101.0,8333_chron2
8269,101.0,8269_chron2
8383,101.0,8383_chron2
8365,101.0,8365_chron2
8343,101.0,8343_chron2
8310,101.0,8310_chron2
8303,101.0,8303_chron2
8407,101.0,8407_chron2
8381,101.0,8381_chron2
8403,101.0,8403_chron2
8428,101.0,8428_chron2
8377,101.0,8377_chron2
8281,101.0,8281_chron2
8421,101.0,8421_chron2
8432,101.0,8432_chron2
8455,101.0,8455_chron2
8467,101.0,8467_chron2
8267,101.0,8267_chron2
8462,101.0,8462_chron2
8490,101.0,8490_chron2
8426,101.0,8426_chron2
8481,101.0,8481_chron2
8506,101.0,8506_chron2
8349,101.0,8349_chron2
8436,101.0,8436_chron2
8354,101.0,8354_chron2
8517,101.0,8517_chron2
8513,101.0,8513_chron2
8419,101.0,8419_chron2
8427,101.0,8427_chron2
8519,101.0,8519_chron2
8344,101.0,8344_chron2
8394,101.0,8394_chron2
8431,101.0,8431_chron2
8370,101.0,8370_chron2
8502,101.0,8502_chron2
8443,101.0,8443_chron2
8485,101.0,8485_chron2
8473,101.0,8473_chron2
8537,101.0,8537_chron2
8425,101.0,8425_chron2
8468,101.0,8468_chron2
8508,101.0,8508_chron2
8567,101.0,8567_chron2
8504,101.0,8504_chron2
8522,101.0,8522_chron2
8581,101.0,8581_chron2
8420,101.0,8420_chron2
8489,101.0,8489_chron2
8556,101.0,8556_chron2
8499,101.0,8499_chron2
8352,101.0,8352_chron2
8475,101.0,8475_chron2
8518,101.0,8518_chron2
8561,101.0,8561_chron2
8580,101.0,8580_chron2
8477,101.0,8477_chron2
8514,101.0,8514_chron2
8562,101.0,8562_chron2
8582,101.0,8582_chron2
8628,101.0,8628_chron2
8548,101.0,8548_chron2
8610,101.0,8610_chron2
8586,101.0,8586_chron2
8569,101.0,8569_chron2
8609,101.0,8609_chron2
8646,101.0,8646_chron2
8618,101.0,8618_chron2
8589,101.0,8589_chron2
8559,101.0,8559_chron2
8528,101.0,8528_chron2
8554,101.0,8554_chron2
8661,101.0,8661_chron2
8642,101.0,8642_chron2
8662,101.0,8662_chron2
